0.001 -0.00337112 3.81047 11.0703
0.0015 -0.0106539 9.5507 55.1587
0.002 -0.065774 22.1405 267.243
0.0025 -0.213091 49.7531 1287.46
0.003 -0.899234 110.312 6195.09
0.0035 -3.04723 243.124 29802.4
0.004 -7.17967 534.42 143363
0.0045 -23.321 1173.17 689610
0.005 -61.382 2574 3.3172e+06
0.0055 -168.492 5645.6 1.59563e+07
0.006 -450.286 12380.4 7.6751e+07
0.0065 -1192.4 27145.3 3.69173e+08
0.007 -3035.87 59515.4 1.77571e+09
0.0075 -6735.52 130526 8.54139e+09
0.008 -17094.4 286133 4.10825e+10
0.0085 -42909.5 627175 1.97596e+11
0.009 -114944 1.37383e+06 9.5031e+11
0.0095 -284257 3.01001e+06 4.57048e+12
0.01 -644590 6.59925e+06 2.19828e+13
0.0105 -1.56883e+06 1.44562e+07 1.05722e+14
0.011 -3.79704e+06 3.16616e+07 5.08437e+14
0.0115 -9.62867e+06 6.92611e+07 2.44491e+15
0.012 -2.1921e+07 1.51777e+08 1.17583e+16
0.0125 -5.23352e+07 3.32186e+08 5.65434e+16
0.013 -1.29556e+08 7.25921e+08 2.71873e+17
0.0135 -2.97423e+08 1.58944e+09 1.3074e+18
0.014 -6.97086e+08 3.47666e+09 6.28654e+18
0.0145 -1.64969e+09 7.59812e+09 3.02265e+19
0.015 -3.85757e+09 1.66067e+10 1.45332e+20
0.0155 -8.96625e+09 3.62922e+10 6.98757e+20
0.016 -2.11272e+10 7.91975e+10 3.3593e+21
0.0165 -4.92708e+10 1.72835e+11 1.61499e+22
0.017 -1.14657e+11 3.77e+11 7.76375e+22
0.0175 -2.66272e+11 8.21903e+11 3.73213e+23
0.018 -6.27872e+11 1.78701e+12 1.79381e+24
0.0185 -1.44339e+12 3.89383e+12 8.62266e+24
0.019 -3.35669e+12 8.46272e+12 4.14425e+25
0.0195 -7.49238e+12 1.85023e+13 1.99235e+26
0.02 -1.75002e+13 4.01073e+13 9.57425e+26
0.0205 -3.98289e+13 8.72754e+13 4.60167e+27
0.021 -9.22929e+13 1.88959e+14 2.21118e+28
0.0215 -2.10868e+14 4.09943e+14 1.06259e+29
0.022 -4.83893e+14 8.87127e+14 5.10574e+29
0.0225 -1.09136e+15 1.92776e+15 2.45366e+30
0.023 -2.55184e+15 4.13016e+15 1.17851e+31
0.0235 -5.77208e+15 8.94061e+15 5.66257e+31
0.024 -1.30867e+16 1.93092e+16 2.72052e+32
0.0245 -2.93132e+16 4.18951e+16 1.30723e+33
0.025 -6.75358e+16 8.94115e+16 6.27775e+33
0.0255 -1.53139e+17 1.91979e+17 3.01538e+34
0.026 -3.44381e+17 4.13647e+17 1.44851e+35
0.0265 -7.83254e+17 8.81874e+17 6.95594e+35
0.027 -1.75024e+18 1.90252e+18 3.34147e+36
0.0275 -4.00046e+18 4.00974e+18 1.60408e+37
0.028 -9.01756e+18 8.52836e+18 7.70246e+37
0.0285 -2.0088e+19 1.83409e+19 3.69958e+38
0.029 -4.5697e+19 3.82479e+19 1.77556e+39
0.0295 -1.02365e+20 8.10644e+19 8.52502e+39
0.03 -2.30117e+20 1.69967e+20 4.09212e+40
0.0305 -5.07909e+20 3.67624e+20 1.96559e+41
0.031 -1.15287e+21 7.46072e+20 9.42872e+41
0.0315 -2.54858e+21 1.60021e+21 4.52798e+42
0.032 -5.76295e+21 3.19689e+21 2.17158e+43
0.0325 -1.27728e+22 6.73484e+21 1.04251e+44
0.033 -2.8632e+22 1.34265e+22 5.00031e+44
0.0335 -6.37921e+22 2.6987e+22 2.39887e+45
0.034 -1.41544e+23 5.46422e+22 1.15102e+46
0.0345 -3.13637e+23 1.09923e+23 5.52256e+46
0.035 -6.9612e+23 2.1249e+23 2.64868e+47
0.0355 -1.53757e+24 4.21239e+23 1.27079e+48
0.036 -3.39643e+24 8.0967e+23 6.09565e+48
0.0365 -7.47709e+24 1.6102e+24 2.92498e+49
0.037 -1.65712e+25 2.36405e+24 1.40096e+50
0.0375 -3.64474e+25 3.90594e+24 6.71834e+50
0.038 -8.00286e+25 6.35871e+24 3.2225e+51
0.0385 -1.7567e+26 4.79867e+24 1.54415e+52
0.039 -3.84793e+26 -2.77037e+24 7.40369e+52
0.0395 -8.40663e+26 -5.15294e+25 3.54685e+53
0.04 -1.83565e+27 -1.76341e+26 1.70035e+54
0.0405 -4.01355e+27 -4.5284e+26 8.15683e+54
0.041 -8.7348e+27 -1.36879e+27 3.90851e+55
0.0415 -1.90059e+28 -3.66615e+27 1.87332e+56
0.042 -4.08359e+28 -1.11771e+28 8.96248e+56
0.0425 -8.82101e+28 -2.83841e+28 4.29334e+57
0.043 -1.91757e+29 -6.63247e+28 2.05848e+58
0.0435 -4.1101e+29 -1.67836e+29 9.85491e+58
0.044 -8.75872e+29 -4.19734e+29 4.71665e+59
0.0445 -1.88353e+30 -9.85673e+29 2.25962e+60
0.045 -4.0617e+30 -2.27133e+30 1.08282e+61
0.0455 -8.43032e+30 -5.69512e+30 5.17523e+61
0.046 -1.81395e+31 -1.29208e+31 2.47993e+62
0.0465 -3.87959e+31 -2.95085e+31 1.18794e+63
0.047 -8.07693e+31 -6.95748e+31 5.68217e+63
0.0475 -1.65891e+32 -1.63753e+32 2.71674e+64
0.048 -3.43607e+32 -3.76675e+32 1.29975e+65
0.0485 -7.40259e+32 -8.35374e+32 6.22917e+65
0.049 -1.52207e+33 -1.90861e+33 2.97976e+66
0.0495 -3.02777e+33 -4.39458e+33 1.42399e+67
0.05 -5.9464e+33 -1.00367e+34 6.8048e+67
0.0505 -1.19489e+34 -2.25434e+34 3.2549e+68
0.051 -2.32251e+34 -5.07194e+34 1.55593e+69
0.0515 -4.51226e+34 -1.1333e+35 7.4399e+69
0.052 -9.24895e+34 -2.50366e+35 3.56188e+70
0.0525 -1.54029e+35 -5.62323e+35 1.69966e+71
0.053 -3.03541e+35 -1.23889e+36 8.13499e+71
0.0535 -5.09334e+35 -2.74135e+36 3.8872e+72
0.054 -6.8469e+35 -6.05372e+36 1.85581e+73
0.0545 -5.59256e+35 -1.32993e+37 8.85919e+73
0.055 3.8123e+35 -2.90914e+37 4.23228e+74
0.0555 2.40405e+36 -6.35956e+37 2.02509e+75
0.056 1.78628e+37 -1.37794e+38 9.65319e+75
0.0565 4.88951e+37 -2.99884e+38 4.61606e+76
0.057 1.54401e+38 -6.4543e+38 2.2021e+77
0.0575 3.99552e+38 -1.3945e+39 1.05214e+78
0.058 1.05326e+39 -2.98911e+39 5.02206e+78
0.0585 2.70887e+39 -6.371e+39 2.39638e+79
0.059 6.67169e+39 -1.35748e+40 1.14393e+80
0.0595 1.72682e+40 -2.813e+40 5.44743e+80
0.06 4.14678e+40 -5.89716e+40 2.59862e+81
0.0605 9.31023e+40 -1.27229e+41 1.24276e+82
0.061 2.26103e+41 -2.59337e+41 5.91893e+82
0.0615 5.3782e+41 -5.2404e+41 2.81934e+83
0.062 1.24806e+42 -1.06314e+42 1.34396e+84
0.0625 2.82184e+42 -2.20654e+42 6.4158e+84
0.063 6.47901e+42 -4.37797e+42 3.05721e+85
0.0635 1.49178e+43 -8.27307e+42 1.45492e+86
0.064 3.31845e+43 -1.69767e+43 6.9471e+86
0.0645 7.56183e+43 -2.98058e+43 3.30326e+87
0.065 1.6679e+44 -6.11542e+43 1.57793e+88
0.0655 3.72511e+44 -1.07301e+44 7.51391e+88
0.066 8.32603e+44 -1.42937e+44 3.5683e+89
0.0665 1.83477e+45 -1.73005e+44 1.69816e+90
0.067 4.01835e+45 -2.47161e+44 8.1041e+90
0.0675 8.78923e+45 -1.21757e+44 3.86327e+91
0.068 1.90279e+46 2.08475e+45 1.83204e+92
0.0685 4.12114e+46 6.85064e+45 8.72657e+92
0.069 8.91386e+46 1.92651e+46 4.15841e+93
0.0695 1.8889e+47 6.16346e+46 1.97391e+94
0.07 3.99572e+47 1.67296e+47 9.38228e+94
0.0705 8.51743e+47 4.10051e+47 4.46804e+95
0.071 1.77207e+48 1.05095e+48 2.12235e+96
0.0715 3.76388e+48 2.46069e+48 1.01109e+97
0.072 7.84146e+48 5.88977e+48 4.80889e+97
0.0725 1.60004e+49 1.41724e+49 2.28434e+98
0.073 3.19362e+49 3.38898e+49 1.08422e+99
0.0735 6.23517e+49 8.00013e+49 5.14397e+99
0.074 1.19379e+50 1.85904e+50 2.44058e+100
0.0745 2.57406e+50 4.08325e+50 1.16493e+101
0.075 4.27674e+50 9.58112e+50 5.50442e+101
0.0755 8.319e+50 2.13214e+51 2.61903e+102
0.076 1.35186e+51 4.79577e+51 1.24135e+103
0.0765 2.25255e+51 1.06237e+52 5.89687e+103
0.077 2.44573e+51 2.35053e+52 2.7924e+104
0.0775 2.10199e+51 5.14633e+52 1.32644e+105
0.078 -5.77043e+51 1.11973e+53 6.28564e+105
0.0785 -2.20837e+52 2.43567e+53 2.99062e+106
0.079 -1.19931e+53 5.17657e+53 1.41176e+107
0.0795 -3.4372e+53 1.10508e+54 6.69669e+107
0.08 -9.48322e+53 2.33402e+54 3.17348e+108
0.0805 -2.51376e+54 4.87233e+54 1.50293e+109
0.081 -5.60497e+54 1.05751e+55 7.16245e+109
0.0815 -1.41812e+55 2.18457e+55 3.39171e+110
0.082 -3.461e+55 4.48981e+55 1.60685e+111
0.0825 -8.89357e+55 8.50024e+55 7.56748e+111
0.083 -2.03313e+56 1.7467e+56 3.5923e+112
0.0835 -4.82558e+56 3.26164e+56 1.69623e+113
0.084 -1.10967e+57 6.11139e+56 8.0243e+113
0.0845 -2.49417e+57 1.17838e+57 3.80472e+114
0.085 -5.67382e+57 1.93036e+57 1.79593e+115
0.0855 -1.26304e+58 3.24401e+57 8.50247e+115
0.086 -2.77601e+58 6.09888e+57 4.03909e+116
0.0865 -6.15154e+58 3.35104e+57 1.89769e+117
0.087 -1.34255e+59 3.72397e+57 9.01916e+117
0.0875 -2.89162e+59 -3.4769e+58 4.24117e+118
0.088 -6.1906e+59 -1.32411e+59 2.00384e+119
0.0885 -1.3398e+60 -3.29198e+59 9.51713e+119
0.089 -2.77443e+60 -1.119e+60 4.47481e+120
0.0895 -5.8354e+60 -2.8766e+60 2.11633e+121
0.09 -1.2051e+61 -7.38996e+60 9.99194e+121
0.0905 -2.4311e+61 -1.87376e+61 4.71061e+122
0.091 -4.75984e+61 -4.6589e+61 2.21807e+123
0.0915 -1.00024e+62 -1.05062e+62 1.05215e+124
0.092 -1.8513e+62 -2.54274e+62 4.94641e+124
0.0925 -3.7956e+62 -5.69911e+62 2.34432e+125
0.093 -6.51641e+62 -1.33361e+63 1.10158e+126
0.0935 -1.02733e+63 -3.0493e+63 5.17683e+126
0.094 -2.04151e+63 -6.70365e+63 2.45534e+127
0.0945 -2.75873e+63 -1.4948e+64 1.15526e+128
0.095 -2.69687e+63 -3.28776e+64 5.44106e+128
0.0955 2.41309e+62 -7.1637e+64 2.56596e+129
0.096 2.55866e+64 -1.52855e+65 1.20097e+130
0.0965 7.08418e+64 -3.29613e+65 5.68317e+130
0.097 2.36697e+65 -6.91398e+65 2.67028e+131
0.0975 6.48959e+65 -1.44711e+66 1.25764e+132
0.098 1.60342e+66 -3.05083e+66 5.93927e+132
0.0985 4.28884e+66 -6.11011e+66 2.78638e+133
0.099 1.05043e+67 -1.23263e+67 1.3114e+134
0.0995 2.65721e+67 -2.28159e+67 6.13322e+134
0.1 6.29136e+67 -4.24262e+67 2.87905e+135
0.1005 1.43008e+68 -8.17816e+67 1.35697e+136
0.101 3.29806e+68 -1.35694e+68 6.35924e+136
0.1015 7.37271e+68 -2.34957e+68 2.99387e+137
0.102 1.64878e+69 -2.92134e+68 1.40191e+138
0.1025 3.61654e+69 -3.42883e+68 6.59845e+138
0.103 7.85704e+69 2.64475e+68 3.09015e+139
0.1035 1.69683e+70 1.78021e+69 1.45546e+140
0.104 3.6061e+70 8.01729e+69 6.82336e+140
0.1045 7.73157e+70 2.14589e+70 3.2191e+141
0.105 1.54464e+71 7.78191e+70 1.49575e+142
0.1055 3.31669e+71 1.77447e+71 7.07459e+142
0.106 6.43003e+71 4.95779e+71 3.29625e+143
0.1065 1.28567e+72 1.20053e+72 1.5471e+144
0.107 2.4299e+72 2.92672e+72 7.23505e+144
0.1075 4.94812e+72 6.61264e+72 3.41054e+145
0.108 7.83667e+72 1.59814e+73 1.5841e+146
0.1085 1.31947e+73 3.61921e+73 7.41986e+146
0.109 1.79958e+73 8.12805e+73 3.46519e+147
0.1095 3.08134e+73 1.78079e+74 1.63307e+148
0.11 -2.41422e+72 3.89492e+74 7.5855e+148
0.1105 -7.9668e+73 8.39707e+74 3.55728e+149
0.111 -3.65019e+74 1.78768e+75 1.66452e+150
0.1115 -1.2596e+75 3.7361e+75 7.7725e+150
0.112 -3.812e+75 7.61025e+75 3.62236e+151
0.1125 -8.94575e+75 1.6164e+76 1.70651e+152
0.113 -2.47433e+76 3.1195e+76 7.92678e+152
0.1135 -5.7782e+76 6.41017e+76 3.72389e+153
0.114 -1.47622e+77 1.12735e+77 1.72507e+154
0.1145 -3.37873e+77 2.1811e+77 8.08648e+154
0.115 -7.68443e+77 4.08682e+77 3.78763e+155
0.1155 -1.79498e+78 5.26599e+77 1.74963e+156
0.116 -3.97017e+78 7.79815e+77 8.18517e+156
0.1165 -8.70489e+78 8.86893e+77 3.82809e+157
0.117 -1.89206e+79 1.81896e+77 1.79012e+158
0.1175 -3.98504e+79 -7.96542e+78 8.25752e+158
0.118 -8.43611e+79 -2.46451e+79 3.86209e+159
0.1185 -1.77503e+80 -6.8072e+79 1.80706e+160
0.119 -3.46041e+80 -2.17021e+80 8.34212e+160
0.1195 -7.15323e+80 -5.19568e+80 3.90819e+161
0.12 -1.31588e+81 -1.37181e+81 1.80671e+162
0.1205 -2.70473e+81 -3.10598e+81 8.48131e+162
0.121 -4.71143e+81 -7.50925e+81 3.92932e+163
0.1215 -7.736e+81 -1.74562e+82 1.82283e+164
0.122 -1.17058e+82 -3.94561e+82 8.46905e+164
0.1225 -1.55095e+82 -8.74223e+82 3.9416e+165
0.123 -1.53543e+82 -1.91114e+83 1.83801e+166
0.1235 4.89236e+82 -4.08425e+83 8.46021e+166
0.124 1.55717e+83 -8.76485e+83 3.96237e+167
0.1245 6.28284e+83 -1.8082e+84 1.83216e+168
0.125 1.86881e+84 -3.67344e+84 8.4933e+168
0.1255 4.89154e+84 -7.41852e+84 3.94808e+169
0.126 1.19132e+85 -1.50407e+85 1.84073e+170
0.1265 3.10862e+85 -2.699e+85 8.47408e+170
0.127 7.51259e+85 -4.6726e+85 3.91361e+171
0.1275 1.73376e+86 -7.88227e+85 1.81362e+172
0.128 3.8893e+86 -1.32056e+86 8.43524e+172
0.1285 8.57752e+86 -2.2797e+86 3.93854e+173
0.129 1.89695e+87 -1.85048e+86 1.81633e+174
0.1295 4.0994e+87 1.29039e+86 8.41085e+174
0.13 8.77621e+87 1.10163e+87 3.91177e+175
0.1305 1.80474e+88 5.80594e+87 1.79709e+176
0.131 3.64885e+88 1.80932e+88 8.29388e+176
0.1315 7.38117e+88 4.73762e+88 3.84634e+177
0.132 1.34527e+89 1.30942e+89 1.76216e+178
0.1325 2.82929e+89 2.91697e+89 8.25681e+178
0.133 4.30814e+89 7.52129e+89 3.75649e+179
0.1335 8.06198e+89 1.68751e+90 1.74882e+180
0.134 1.12094e+90 3.85144e+90 8.04503e+180
0.1345 1.42997e+90 8.50937e+90 3.72271e+181
0.135 1.80277e+90 1.8531e+91 1.73323e+182
0.1355 -2.33533e+90 3.98693e+91 7.97508e+182
0.136 -2.51631e+91 8.13574e+91 3.6261e+183
0.1365 -6.40876e+91 1.72331e+92 1.69025e+184
0.137 -1.87856e+92 3.47081e+92 7.78777e+184
0.1375 -5.55391e+92 6.33082e+92 3.54626e+185
0.138 -1.24603e+93 1.32728e+93 1.65713e+186
0.1385 -3.27634e+93 2.0708e+93 7.51131e+186
0.139 -7.32347e+93 4.03527e+93 3.49583e+187
0.1395 -1.67698e+94 6.36207e+93 1.60851e+188
0.14 -3.78746e+94 5.36153e+93 7.31616e+188
0.1405 -8.21431e+94 9.64378e+93 3.42024e+189
0.141 -1.74688e+95 -2.21189e+94 1.55026e+190
0.1415 -3.74843e+95 -6.34118e+94 7.22642e+190
0.142 -7.35136e+95 -3.35594e+95 3.26524e+191
0.1425 -1.54177e+96 -8.12042e+95 1.51824e+192
0.143 -3.0449e+96 -2.16585e+96 6.98117e+192
0.1435 -5.3846e+96 -5.8728e+96 3.17419e+193
0.144 -9.60407e+96 -1.41091e+97 1.45652e+194
0.1445 -1.8278e+97 -3.18642e+97 6.74707e+194
0.145 -2.83573e+97 -7.33368e+97 3.09121e+195
0.1455 -2.37143e+97 -1.65678e+98 1.40058e+196
0.146 5.22742e+96 -3.57975e+98 6.40868e+196
0.1465 7.67442e+97 -7.65894e+98 2.96242e+197
0.147 4.20128e+98 -1.59142e+99 1.35456e+198
0.1475 1.64518e+99 -3.08955e+99 6.12598e+198
0.148 4.50799e+99 -5.97295e+99 2.79991e+199
0.1485 1.07064e+100 -1.2005e+100 1.29373e+200
0.149 2.65293e+100 -2.18863e+100 5.91407e+200
0.1495 6.53337e+100 -3.28676e+100 2.67438e+201
0.15 1.48448e+101 -4.92525e+100 1.22314e+202
0.1505 3.25643e+101 -8.4547e+100 5.65959e+202
0.151 7.14831e+101 -8.52631e+100 2.59126e+203
0.1515 1.52661e+102 1.30925e+101 1.17384e+204
0.152 3.21023e+102 6.77291e+101 5.38216e+204
0.1525 6.44138e+102 2.71025e+102 2.44184e+205
0.153 1.31105e+103 7.24329e+102 1.12175e+206
0.1535 2.48691e+103 2.00362e+103 5.09959e+206
0.154 4.11111e+103 5.38314e+103 2.29397e+207
0.1545 6.90868e+103 1.27019e+104 1.04534e+208
0.155 1.30069e+104 2.82182e+104 4.82724e+208
0.1555 1.96757e+104 6.34486e+104 2.20643e+209
0.156 1.47415e+104 1.40519e+105 9.9814e+209
0.1565 -4.12456e+102 3.02586e+105 4.57793e+210
0.157 -1.09848e+105 6.35289e+105 2.0783e+211
0.1575 -5.3851e+105 1.25605e+106 9.33822e+211
0.158 -1.51521e+106 2.49324e+106 4.25606e+212
0.1585 -4.22451e+106 4.53382e+106 1.9201e+213
0.159 -1.00432e+107 8.65711e+106 8.79053e+213
0.1595 -2.42091e+107 1.4517e+107 3.98413e+214
0.16 -5.6996e+107 1.80664e+107 1.78747e+215
0.1605 -1.2575e+108 2.17085e+107 8.14215e+215
0.161 -2.70901e+108 -7.05115e+106 3.67184e+216
0.1615 -5.75554e+108 -7.16355e+107 1.68197e+217
0.162 -1.18657e+109 -3.43256e+108 7.62882e+217
0.1625 -2.29797e+109 -1.25337e+109 3.42581e+218
0.163 -4.56593e+109 -3.22821e+109 1.56345e+219
0.1635 -8.36275e+109 -8.44822e+109 7.0654e+219
0.164 -1.65873e+110 -1.93429e+110 3.24643e+220
0.1645 -2.16931e+110 -4.90527e+110 1.43838e+221
0.165 -2.57888e+110 -1.10889e+111 6.4807e+221
0.1655 -3.56251e+110 -2.41123e+111 2.97048e+222
0.166 -4.10219e+109 -5.19312e+111 1.34851e+223
0.1665 2.05633e+111 -1.08178e+112 6.06271e+223
0.167 9.9078e+111 -2.1016e+112 2.69918e+224
0.1675 2.7281e+112 -4.12591e+112 1.22329e+225
0.168 7.39859e+112 -7.42153e+112 5.49091e+225
0.1685 1.71618e+113 -1.44052e+113 2.51018e+226
0.169 4.0532e+113 -2.51121e+113 1.13673e+227
0.1695 9.46477e+113 -3.52053e+113 5.0988e+227
0.17 2.11727e+114 -2.17956e+113 2.26517e+228
0.1705 4.52585e+114 1.67557e+113 1.02557e+229
0.171 9.33756e+114 2.19174e+114 4.59969e+229
0.1715 1.95446e+115 6.22177e+114 2.10351e+230
0.172 3.95234e+115 1.85493e+115 9.53088e+230
0.1725 7.51565e+115 5.39252e+115 4.27822e+231
0.173 1.27426e+116 1.47684e+116 1.90239e+232
0.1735 2.32618e+116 3.44268e+116 8.63158e+232
0.174 3.62903e+116 8.02724e+116 3.88032e+233
0.1745 3.7483e+116 1.82097e+117 1.72822e+234
0.175 -2.75176e+116 3.89547e+117 7.6252e+234
0.1755 -1.82712e+117 8.08505e+117 3.43532e+235
0.176 -7.21996e+117 1.59554e+118 1.53351e+236
0.1765 -1.80571e+118 3.27514e+118 6.99357e+236
0.177 -4.70197e+118 6.41155e+118 3.16082e+237
0.1775 -1.2206e+119 1.15821e+119 1.41566e+238
0.178 -3.05777e+119 1.79313e+119 6.28263e+238
0.1785 -7.1991e+119 1.85071e+119 2.76261e+239
0.179 -1.56825e+120 1.57469e+119 1.2421e+240
0.1795 -3.31023e+120 -3.33568e+119 5.53443e+240
0.18 -6.99874e+120 -1.21426e+120 2.52284e+241
0.1805 -1.325e+121 -6.72535e+120 1.10396e+242
0.181 -2.52677e+121 -1.87132e+121 4.9432e+242
0.1815 -5.26143e+121 -4.19955e+121 2.26594e+243
0.182 -8.36357e+121 -1.13751e+122 9.96716e+243
0.1825 -1.44549e+122 -2.6247e+122 4.48924e+244
0.183 -2.02672e+122 -5.9981e+122 2.00424e+245
0.1835 -1.34752e+122 -1.325e+123 8.86892e+245
0.184 4.72109e+122 -2.74888e+123 3.88962e+246
0.1845 1.78127e+123 -5.63818e+123 1.7481e+247
0.185 5.85031e+123 -1.10244e+124 7.7882e+247
0.1855 1.72092e+124 -1.97923e+124 3.43946e+248
0.186 4.02547e+124 -3.86633e+124 1.55764e+249
0.1865 9.55375e+124 -6.97182e+124 6.99402e+249
0.187 2.36673e+125 -6.44247e+124 3.00823e+250
0.1875 5.10887e+125 -1.1742e+125 1.37396e+251
0.188 1.09535e+126 4.79511e+124 6.01046e+251
0.1885 2.28899e+126 3.97694e+125 2.69881e+252
0.189 4.61448e+126 1.65445e+126 1.20153e+253
0.1895 8.72358e+126 5.47454e+126 5.30357e+253
0.19 1.46894e+127 1.57603e+127 2.32084e+254
0.1905 2.70757e+127 3.67906e+127 1.04332e+255
0.191 4.4167e+127 8.57388e+127 4.65093e+255
0.1915 5.48614e+127 1.95208e+128 2.0558e+256
0.192 1.24461e+127 4.24314e+128 9.00986e+256
0.1925 -2.2599e+128 8.55517e+128 3.91491e+257
0.193 -7.25113e+128 1.72415e+129 1.74923e+258
0.1935 -2.15739e+129 3.29354e+129 7.75085e+258
0.194 -5.94135e+129 5.72829e+129 3.40565e+259
0.1945 -1.34951e+130 1.12191e+130 1.53992e+260
0.195 -3.37887e+130 1.37485e+130 6.65349e+260
0.1955 -7.4896e+130 1.75725e+130 2.9591e+261
0.196 -1.61477e+131 5.41611e+129 1.3052e+262
0.1965 -3.30882e+131 -6.85695e+130 5.70924e+262
0.197 -6.87628e+131 -2.04172e+131 2.57259e+263
0.1975 -1.22126e+132 -8.49701e+131 1.10673e+264
0.198 -2.24317e+132 -2.18631e+132 4.90589e+264
0.1985 -3.67383e+132 -5.44444e+132 2.15695e+265
0.199 -4.69048e+132 -1.28884e+133 9.40552e+265
0.1995 -7.5175e+132 -2.80954e+133 4.22932e+266
0.2 3.76192e+132 -6.01171e+133 1.81411e+267
0.2005 2.86963e+133 -1.23407e+134 8.02637e+267
0.201 1.11468e+134 -2.40888e+134 3.5226e+268
0.2015 2.6008e+134 -5.01501e+134 1.59572e+269
0.202 8.09398e+134 -8.50353e+134 6.89113e+269
0.2025 1.914e+135 -1.57531e+135 3.07251e+270
0.203 4.83545e+135 -1.65073e+135 1.30532e+271
0.2035 1.06105e+136 -1.39977e+135 5.72708e+271
0.204 2.22058e+136 2.3308e+135 2.49266e+272
0.2045 4.66175e+136 8.31632e+135 1.12118e+273
0.205 8.65787e+136 4.59196e+136 4.80224e+273
0.2055 1.66141e+137 1.22159e+137 2.12628e+274
0.206 2.95721e+137 3.15224e+137 9.34085e+274
0.2065 4.58693e+137 7.77069e+137 4.07118e+275
0.207 5.11458e+137 1.8053e+138 1.76035e+276
0.2075 7.36208e+137 3.9e+138 7.876e+276
0.208 -1.17461e+138 8.10297e+138 3.35189e+277
0.2085 -5.17414e+138 1.63868e+139 1.47649e+278
0.209 -1.73397e+139 3.14649e+139 6.45354e+278
0.2095 -5.03064e+139 5.5379e+139 2.79879e+279
0.21 -1.31186e+140 8.29186e+139 1.20427e+280
0.2105 -2.92809e+140 1.47092e+140 5.36864e+280
0.211 -6.51512e+140 2.24926e+140 2.3753e+281
0.2115 -1.41164e+141 -6.22201e+139 9.98293e+281
0.212 -2.85934e+141 -7.22538e+140 4.34894e+282
0.2125 -5.4221e+141 -2.86367e+141 1.87999e+283
0.213 -1.10739e+142 -6.77988e+141 8.4299e+283
0.2135 -1.75368e+142 -2.02524e+142 3.58849e+284
0.214 -3.09404e+142 -4.70394e+142 1.585e+285
0.2145 -4.76384e+142 -1.07831e+143 6.94844e+285
0.215 -5.27638e+142 -2.40165e+143 3.02316e+286
0.2155 8.89661e+141 -5.10875e+143 1.30536e+287
0.216 2.97388e+143 -1.01501e+144 5.5934e+287
0.2165 1.20712e+144 -1.81646e+144 2.37835e+288
0.217 2.98212e+144 -3.4816e+144 1.05073e+289
0.2175 7.29373e+144 -6.24168e+144 4.60785e+289
0.218 1.86627e+145 -5.8868e+144 1.91476e+290
0.2185 4.05265e+145 -3.43297e+144 8.27093e+290
0.219 8.61168e+145 -3.9755e+144 3.71596e+291
0.2195 1.72733e+146 4.23228e+145 1.5814e+292
0.22 3.09733e+146 1.9402e+146 6.67891e+292
0.2205 5.88572e+146 4.90558e+146 2.93532e+293
0.221 1.04178e+147 1.21492e+147 1.28067e+294
0.2215 1.62519e+147 2.90725e+147 5.54669e+294
0.222 1.89998e+147 6.63948e+147 2.38463e+295
0.2225 2.24992e+146 1.42644e+148 1.01761e+296
0.223 -8.08823e+147 2.82244e+148 4.31019e+296
0.2235 -2.32216e+148 5.7146e+148 1.90245e+297
0.224 -8.53531e+148 9.26981e+148 7.93904e+297
0.2245 -2.08045e+149 1.60591e+149 3.45359e+298
0.225 -4.90083e+149 2.41094e+149 1.49154e+299
0.2255 -1.10215e+150 2.53491e+149 6.39499e+299
0.226 -2.33167e+150 -8.39222e+148 2.72187e+300
0.2265 -4.88961e+150 -5.21198e+149 1.209e+301
0.227 -9.15614e+150 -4.19456e+150 5.07146e+301
0.2275 -1.78542e+151 -1.11982e+151 2.22086e+302
0.228 -2.51018e+151 -3.47256e+151 9.17983e+302
0.2285 -3.75114e+151 -8.07345e+151 3.96259e+303
0.229 -3.91517e+151 -1.80093e+152 1.69832e+304
0.2295 1.39654e+151 -3.7992e+152 7.2267e+304
0.23 7.31817e+151 -7.98458e+152 3.21445e+305
0.2305 6.4186e+152 -1.51157e+153 1.34842e+306
0.231 2.26366e+153 -2.47107e+153 5.61518e+306
0.2315 5.40847e+153 -4.43397e+153 2.44558e+307
0.232 1.26559e+154 -7.16761e+153 inf
0.2325 2.86599e+154 -9.33771e+153 inf
0.233 6.20203e+154 -5.32817e+153 inf
0.2335 1.26197e+155 2.19857e+154 inf
0.234 2.35412e+155 1.16513e+155 inf
0.2345 3.83194e+155 3.7575e+155 inf
0.235 7.06703e+155 8.71931e+155 inf
0.2355 1.20082e+156 2.00749e+156 inf
0.236 6.47414e+155 4.68436e+156 inf
0.2365 -5.97115e+155 9.76927e+156 inf
0.237 -5.72147e+156 1.93598e+157 inf
0.2375 -2.13897e+157 3.55557e+157 inf
0.238 -6.23548e+157 5.77495e+157 inf
0.2385 -1.39652e+158 1.10902e+158 inf
0.239 -3.4273e+158 1.18805e+158 inf
0.2395 -7.40421e+158 1.52703e+158 inf
0.24 -1.49969e+159 -2.87475e+158 inf
0.2405 -2.9423e+159 -1.15488e+159 inf
0.241 -5.43421e+159 -3.60398e+159 inf
0.2415 -9.10582e+159 -9.83917e+159 inf
0.242 -1.27159e+160 -2.43474e+160 inf
0.2425 -2.38956e+160 -5.25321e+160 inf
0.243 -1.26781e+160 -1.16759e+161 inf
0.2435 5.60303e+160 -2.31489e+161 inf
0.244 1.7947e+161 -4.61788e+161 inf
0.2445 5.1912e+161 -8.86371e+161 inf
0.245 1.68318e+162 -1.1906e+162 inf
0.2455 3.90371e+162 -1.6697e+162 inf
0.246 8.59354e+162 -1.44672e+162 inf
0.2465 1.77433e+163 1.71785e+162 inf
0.247 3.36721e+163 1.3673e+163 inf
0.2475 6.82204e+163 3.36475e+163 inf
0.248 1.07461e+164 1.10367e+164 inf
0.2485 1.93656e+164 2.55162e+164 inf
0.249 1.64006e+164 6.23085e+164 inf
0.2495 1.11918e+164 1.32634e+165 inf
0.25 -3.11621e+164 2.72309e+165 inf
0.2505 -1.86e+165 5.30902e+165 inf
0.251 -6.35406e+165 9.59457e+165 inf
0.2515 -1.77482e+166 1.53474e+166 inf
0.252 -4.36302e+166 1.92343e+166 inf
0.2525 -9.61602e+166 8.92532e+165 inf
0.253 -2.01079e+167 -1.44836e+165 inf
0.2535 -3.75846e+167 -1.49757e+167 inf
0.254 -7.23343e+167 -4.21178e+167 inf
0.2545 -1.32104e+168 -1.11115e+168 inf
0.255 -1.42044e+168 -3.13151e+168 inf
0.2555 -1.43757e+168 -6.89718e+168 inf
0.256 5.57863e+167 -1.43781e+169 inf
0.2565 8.85066e+168 -2.79226e+169 inf
0.257 2.08968e+169 -5.76994e+169 inf
0.2575 7.63953e+169 -9.78324e+169 inf
0.258 2.10894e+170 -1.3471e+170 inf
0.2585 4.65817e+170 -2.297e+170 inf
0.259 1.03763e+171 -7.42559e+169 inf
0.2595 2.13771e+171 1.826e+170 inf
0.26 4.25739e+171 1.15443e+171 inf
0.2605 6.56521e+171 5.78293e+171 inf
0.261 1.04253e+172 1.45176e+172 inf
0.2615 1.32969e+172 3.38817e+172 inf
0.262 7.54403e+171 7.34998e+172 inf
0.2625 -2.8576e+172 1.46752e+173 inf
0.263 -7.7939e+172 3.01917e+173 inf
0.2635 -3.50154e+173 5.20101e+173 inf
0.264 -1.02606e+174 7.2551e+173 inf
0.2645 -2.2932e+174 1.2184e+174 inf
0.265 -5.04476e+174 1.78089e+174 inf
0.2655 -1.05763e+175 -9.66157e+173 inf
0.266 -2.08707e+175 -6.10177e+174 inf
0.2665 -3.89565e+175 -2.12662e+175 inf
0.267 -6.68847e+175 -6.06864e+175 inf
0.2675 -9.96137e+175 -1.53755e+176 inf
0.268 -1.07327e+176 -3.54592e+176 inf
0.2685 6.68278e+174 -7.46818e+176 inf
0.269 4.9158e+176 -1.41805e+177 inf
0.2695 1.26136e+177 -2.84685e+177 inf
0.27 4.39594e+177 -4.39842e+177 inf
0.2705 1.01316e+178 -7.86237e+177 inf
0.271 2.46689e+178 -6.26336e+177 inf
0.2715 5.20025e+178 -4.19988e+177 inf
0.272 9.57762e+178 3.75854e+178 inf
0.2725 1.74839e+179 1.15631e+179 inf
0.273 2.91846e+179 3.1002e+179 inf
0.2735 4.15675e+179 7.55419e+179 inf
0.274 3.96811e+179 1.69495e+180 inf
0.2745 -2.24047e+179 3.49659e+180 inf
0.275 -2.60018e+180 6.53207e+180 inf
0.2755 -6.28914e+180 1.31626e+181 inf
0.276 -2.09093e+181 2.02314e+181 inf
0.2765 -5.34619e+181 2.20953e+181 inf
0.277 -1.14844e+182 3.10757e+181 inf
0.2775 -2.42326e+182 2.84045e+181 inf
0.278 -4.55973e+182 -1.52104e+182 inf
0.2785 -8.55264e+182 -4.78242e+182 inf
0.279 -1.50049e+183 -1.30983e+183 inf
0.2795 -2.36321e+183 -3.27252e+183 inf
0.28 -8.21742e+182 -7.81146e+183 inf
0.2805 2.57012e+183 -1.56122e+184 inf
0.281 5.81482e+183 -3.24925e+184 inf
0.2815 3.0782e+184 -5.85013e+184 inf
0.282 9.57374e+184 -9.08598e+184 inf
0.2825 2.4073e+185 -1.05267e+185 inf
0.283 5.14207e+185 -1.71035e+185 inf
0.2835 1.07004e+186 6.98669e+184 inf
0.284 1.88471e+186 9.60612e+185 inf
0.2845 3.5198e+186 2.51393e+186 inf
0.285 6.22e+186 6.25212e+186 inf
0.2855 5.39161e+186 1.6377e+187 inf
0.286 3.90587e+186 3.47314e+187 inf
0.2865 -7.96376e+186 7.01941e+187 inf
0.287 -4.97344e+187 1.33412e+188 inf
0.2875 -1.66157e+188 2.32947e+188 inf
0.288 -4.49562e+188 3.55852e+188 inf
0.2885 -1.06842e+189 4.1322e+188 inf
0.289 -2.27923e+189 1.13218e+188 inf
0.2895 -4.34517e+189 -1.29026e+189 inf
0.29 -8.73545e+189 -3.32338e+189 inf
0.2905 -1.3641e+190 -1.24327e+190 inf
0.291 -1.53894e+190 -3.29195e+190 inf
0.2915 -2.25024e+190 -7.08125e+190 inf
0.292 1.79823e+190 -1.44319e+191 inf
0.2925 8.45234e+190 -2.83361e+191 inf
0.293 2.73519e+191 -5.3353e+191 inf
0.2935 9.53531e+191 -6.66217e+191 inf
0.294 2.16925e+192 -8.90998e+191 inf
0.2945 4.66047e+192 -7.12565e+191 inf
0.295 9.40045e+192 9.82928e+191 inf
0.2955 1.75612e+193 6.97296e+192 inf
0.296 2.95313e+193 2.33795e+193 inf
0.2965 4.17537e+193 6.2146e+193 inf
0.297 3.87472e+193 1.43249e+194 inf
0.2975 -2.37676e+193 2.92324e+194 inf
0.298 -9.29041e+193 5.95894e+194 inf
0.2985 -6.04492e+194 1.01948e+195 inf
0.299 -1.86674e+195 1.38169e+195 inf
0.2995 -4.12952e+195 2.32031e+195 inf
0.3 -9.20049e+195 7.21771e+194 inf
0.3005 -1.86579e+196 -1.51959e+195 inf
0.301 -3.66186e+196 -9.65249e+195 inf
0.3015 -5.3824e+196 -4.95366e+196 inf
0.302 -8.50405e+196 -1.20103e+197 inf
0.3025 -1.11837e+197 -2.73253e+197 inf
0.303 -8.4747e+196 -5.84649e+197 inf
0.3035 1.3815e+197 -1.17066e+198 inf
0.304 9.04283e+197 -2.16432e+198 inf
0.3045 2.96625e+198 -3.58707e+198 inf
0.305 7.76567e+198 -4.95344e+198 inf
0.3055 1.76606e+199 -4.3008e+198 inf
0.306 3.55648e+199 3.81671e+198 inf
0.3065 6.2594e+199 3.17601e+199 inf
0.307 1.22398e+200 7.52414e+199 inf
0.3075 1.63766e+200 2.27591e+200 inf
0.308 1.14279e+200 5.33528e+200 inf
0.3085 8.9295e+199 1.10439e+201 inf
0.309 -7.65873e+200 2.00269e+201 inf
0.3095 -2.1815e+201 3.74139e+201 inf
0.31 -5.66358e+201 6.63725e+201 inf
0.3105 -1.56171e+202 6.03745e+201 inf
0.311 -3.31322e+202 5.28246e+201 inf
0.3115 -6.68939e+202 -4.59469e+201 inf
0.312 -1.27231e+203 -4.09173e+202 inf
0.3125 -2.23735e+203 -1.43284e+203 inf
0.313 -3.50033e+203 -3.93626e+203 inf
0.3135 -4.40458e+203 -9.43827e+203 inf
0.314 -2.67369e+203 -2.03643e+204 inf
0.3145 7.68437e+203 -3.96557e+204 inf
0.315 3.99971e+204 -6.83869e+204 inf
0.3155 1.1972e+205 -9.83894e+204 inf
0.316 2.87083e+205 -9.46247e+204 inf
0.3165 5.99149e+205 -1.46339e+205 inf
0.317 1.18113e+206 1.92061e+205 inf
0.3175 1.93949e+206 1.26456e+206 inf
0.318 3.57843e+206 3.02825e+206 inf
0.3185 3.68415e+206 8.23452e+206 inf
0.319 4.77451e+206 1.75325e+207 inf
0.3195 -7.35495e+206 3.39905e+207 inf
0.32 -2.70207e+207 6.42358e+207 inf
0.3205 -7.84361e+207 1.15103e+208 inf
0.321 -2.38407e+208 1.14327e+208 inf
0.3215 -5.13381e+208 1.13149e+208 inf
0.322 -1.04214e+209 -2.93685e+207 inf
0.3225 -1.97718e+209 -5.86053e+208 inf
0.323 -3.44059e+209 -2.17157e+209 inf
0.3235 -5.26736e+209 -6.02937e+209 inf
0.324 -6.31316e+209 -1.43894e+210 inf
0.3245 -2.88678e+209 -3.06237e+210 inf
0.325 1.42942e+210 -5.83284e+210 inf
0.3255 6.50118e+210 -9.72029e+210 inf
0.326 1.85195e+211 -1.31455e+211 inf
0.3265 3.93523e+211 -2.4345e+211 inf
0.327 8.82504e+211 -1.43116e+211 inf
0.3275 1.67027e+212 4.21701e+211 inf
0.328 3.26884e+212 1.20535e+212 inf
0.3285 4.69775e+212 4.74637e+212 inf
0.329 4.11439e+212 1.20847e+213 inf
0.3295 4.57588e+212 2.52122e+213 inf
0.33 -1.44794e+213 4.65231e+213 inf
0.3305 -4.48156e+213 8.63773e+213 inf
0.331 -1.20297e+214 1.52037e+214 inf
0.3315 -3.40092e+214 1.3452e+214 inf
0.332 -7.15959e+214 1.13816e+214 inf
0.3325 -1.42938e+215 -1.07749e+214 inf
0.333 -2.68196e+215 -8.94758e+214 inf
0.3335 -4.64476e+215 -3.06076e+215 inf
0.334 -3.94884e+215 -9.57188e+215 inf
0.3345 -2.07255e+215 -2.01606e+216 inf
0.335 7.8708e+215 -3.87777e+216 inf
0.3355 3.8074e+216 -6.69934e+216 inf
0.336 1.12177e+217 -9.91009e+216 inf
0.3365 2.33258e+217 -1.98045e+217 inf
0.337 5.56334e+217 -2.0074e+217 inf
0.3375 1.13988e+218 2.87288e+216 inf
0.338 2.01045e+218 8.75041e+217 inf
0.3385 2.90061e+218 3.04494e+218 inf
0.339 5.30818e+218 6.63176e+218 inf
0.3395 3.9892e+218 1.57116e+219 inf
0.34 -5.87275e+218 3.02888e+219 inf
0.3405 -1.93041e+219 5.87823e+219 inf
0.341 -8.27814e+219 8.29075e+219 inf
0.3415 -1.88363e+220 1.38527e+220 inf
0.342 -4.36203e+220 6.13016e+219 inf
0.3425 -8.74177e+220 -3.38307e+219 inf
0.343 -1.68776e+221 -3.94955e+220 inf
0.3435 -2.33796e+221 -2.24371e+221 inf
0.344 -3.54688e+221 -5.31402e+221 inf
0.3445 -4.40643e+221 -1.1769e+222 inf
0.345 -2.83156e+221 -2.44961e+222 inf
0.3455 2.08101e+222 -4.06025e+222 inf
0.346 6.02633e+222 -6.56054e+222 inf
0.3465 1.48323e+223 -9.00407e+222 inf
0.347 3.26621e+223 -8.35792e+222 inf
0.3475 6.52417e+223 3.75026e+222 inf
0.348 1.17428e+224 4.66578e+223 inf
0.3485 1.84538e+224 1.59205e+224 inf
0.349 2.29946e+224 4.08694e+224 inf
0.3495 1.37336e+224 8.89511e+224 inf
0.35 -3.74295e+224 1.68207e+225 inf
0.3505 -9.19412e+224 3.3639e+225 inf
0.351 -4.09555e+225 5.23211e+225 inf
0.3515 -1.11035e+226 6.01526e+225 inf
0.352 -2.38757e+226 1.75812e+225 inf
0.3525 -4.79886e+226 -1.12248e+225 inf
0.353 -8.0674e+226 -4.11358e+226 inf
0.3535 -1.49909e+227 -1.0096e+227 inf
0.354 -1.64086e+227 -2.96969e+227 inf
0.3545 -2.37046e+227 -6.30976e+227 inf
0.355 1.74539e+227 -1.2469e+228 inf
0.3555 7.56484e+227 -2.37191e+228 inf
0.356 3.4218e+228 -3.115e+228 inf
0.3565 7.78948e+228 -4.71824e+228 inf
0.357 1.68415e+229 6.82194e+226 inf
0.3575 3.21792e+229 7.26826e+228 inf
0.358 5.79952e+229 2.81657e+229 inf
0.3585 9.66377e+229 8.04012e+229 inf
0.359 6.32713e+229 2.21298e+230 inf
0.3595 5.57012e+228 4.46602e+230 inf
0.36 -2.26799e+230 8.3441e+230 inf
0.3605 -8.80222e+230 1.41933e+231 inf
0.361 -2.43194e+231 2.10776e+231 inf
0.3615 -5.69676e+231 2.41318e+231 inf
0.362 -1.18319e+232 8.94175e+230 inf
0.3625 -2.19304e+232 -5.87314e+231 inf
0.363 -3.55058e+232 -2.48473e+232 inf
0.3635 -4.65588e+232 -6.81369e+232 inf
0.364 -3.52608e+232 -1.52759e+233 inf
0.3645 4.66184e+232 -2.93439e+233 inf
0.365 1.21029e+233 -5.85617e+233 inf
0.3655 6.47508e+233 -9.23697e+233 inf
0.366 1.82072e+234 -1.0914e+234 inf
0.3665 3.96144e+234 -4.32691e+233 inf
0.367 7.94817e+234 -1.39322e+233 inf
0.3675 1.34581e+235 6.28384e+234 inf
0.368 1.71435e+235 2.17365e+235 inf
0.3685 2.83406e+235 4.69666e+235 inf
0.369 5.45636e+234 1.01609e+236 inf
0.3695 -1.87358e+235 1.99857e+236 inf
0.37 -2.11037e+236 3.0462e+236 inf
0.3705 -5.09348e+236 5.19828e+236 inf
0.371 -1.29214e+237 3.43859e+236 inf
0.3715 -2.60797e+237 1.79012e+236 inf
0.372 -5.05389e+237 -6.80799e+236 inf
0.3725 -7.09174e+237 -6.01937e+237 inf
0.373 -1.0822e+238 -1.44629e+238 inf
0.3735 -1.38521e+238 -3.2143e+238 inf
0.374 1.24268e+238 -6.21511e+238 inf
0.3745 5.3722e+238 -1.0981e+239 inf
0.375 1.55745e+239 -1.76328e+239 inf
0.3755 3.80822e+239 -2.42994e+239 inf
0.376 8.32317e+239 -2.37307e+239 inf
0.3765 1.654e+240 3.85431e+238 inf
0.377 2.97989e+240 1.03797e+240 inf
0.3775 4.75147e+240 3.6717e+240 inf
0.378 6.2418e+240 9.54071e+240 inf
0.3785 5.02808e+240 2.10042e+241 inf
0.379 -4.89638e+240 4.05255e+241 inf
0.3795 -3.59723e+241 6.80526e+241 inf
0.38 -1.10043e+242 9.41454e+241 inf
0.3805 -2.58032e+242 8.5523e+241 inf
0.381 -5.07511e+242 -3.98745e+241 inf
0.3815 -8.40278e+242 -4.4568e+242 inf
0.382 -1.62514e+243 -9.80426e+242 inf
0.3825 -1.9862e+243 -2.91857e+243 inf
0.383 -1.02001e+243 -6.47127e+243 inf
0.3835 3.53394e+243 -1.16023e+244 inf
0.384 9.16321e+243 -2.21779e+244 inf
0.3845 3.3657e+244 -2.8688e+244 inf
0.385 7.9317e+244 -1.79005e+244 inf
0.3855 1.59122e+245 -1.52002e+244 inf
0.386 2.68333e+245 1.16552e+245 inf
0.3865 4.86192e+245 3.026e+245 inf
0.387 4.89144e+245 9.21517e+245 inf
0.3875 6.41258e+245 1.92975e+246 inf
0.388 -8.27532e+245 3.59347e+246 inf
0.3885 -2.87692e+246 6.55281e+246 inf
0.389 -7.9506e+246 1.1353e+247 inf
0.3895 -2.31676e+247 9.28944e+246 inf
0.39 -4.74864e+247 7.85521e+246 inf
0.3905 -9.24326e+247 -5.86176e+246 inf
0.391 -1.29501e+248 -1.03271e+248 inf
0.3915 -1.92096e+248 -2.52587e+248 inf
0.392 -2.32294e+248 -5.60444e+248 inf
0.3925 -1.45228e+248 -1.14823e+249 inf
0.393 1.02887e+249 -1.77382e+249 inf
0.3935 2.82852e+249 -2.67737e+249 inf
0.394 6.61121e+249 -3.28277e+249 inf
0.3945 1.37942e+250 -2.1409e+249 inf
0.395 2.59944e+250 4.26866e+249 inf
0.3955 4.37826e+250 2.33151e+250 inf
0.396 6.31945e+250 6.8506e+250 inf
0.3965 6.78683e+250 1.61023e+251 inf
0.397 1.40105e+250 3.26601e+251 inf
0.3975 -1.93668e+251 5.78678e+251 inf
0.398 -7.30997e+251 8.70359e+251 inf
0.3985 -1.86705e+252 9.88128e+251 inf
0.399 -3.90091e+252 3.58061e+251 inf
0.3995 -6.89503e+252 -2.2353e+252 inf
0.4 -9.98693e+252 -8.90738e+252 inf
0.4005 -1.90273e+253 -1.85241e+253 inf
0.401 -1.74178e+253 -4.56048e+253 inf
0.4015 7.05901e+252 -8.92653e+253 inf
0.402 8.31904e+253 -1.41193e+254 inf
0.4025 1.85606e+254 -2.63831e+254 inf
0.403 5.20002e+254 -2.7409e+254 inf
0.4035 1.06872e+255 -2.87143e+252 inf
0.404 2.07929e+255 2.20236e+254 inf
0.4045 3.10885e+255 2.15905e+255 inf
0.405 5.47904e+255 4.93744e+255 inf
0.4055 4.14086e+255 1.26314e+256 inf
0.406 -5.06527e+255 2.336e+256 inf
0.4065 -1.66309e+256 4.32001e+256 inf
0.407 -6.57744e+256 5.04129e+256 inf
0.4075 -1.41641e+257 7.40649e+256 inf
0.408 -2.8381e+257 -2.46387e+256 inf
0.4085 -5.26353e+257 -1.49597e+257 inf
0.409 -9.32341e+257 -4.80768e+257 inf
0.4095 -8.87151e+257 -1.63172e+258 inf
0.41 -9.82122e+257 -3.40705e+258 inf
0.4105 -3.67766e+257 -6.7458e+258 inf
0.411 6.41716e+258 -9.99995e+258 inf
0.4115 1.64038e+259 -1.54649e+259 inf
0.412 3.74064e+259 -2.05705e+259 inf
0.4125 7.37346e+259 1.11787e+259 inf
0.413 1.28303e+260 5.75636e+259 inf
0.4135 2.02084e+260 1.7085e+260 inf
0.414 2.72357e+260 4.15691e+260 inf
0.4145 2.59411e+260 8.94551e+260 inf
0.415 -4.24024e+259 1.74154e+261 inf
0.4155 -2.01036e+261 2.23042e+261 inf
0.416 -4.87347e+261 2.7426e+261 inf
0.4165 -1.02271e+262 1.8517e+261 inf
0.417 -1.90207e+262 -3.1313e+261 inf
0.4175 -3.10644e+262 -1.75499e+262 inf
0.418 -4.22859e+262 -5.05456e+262 inf
0.4185 -3.91278e+262 -1.14996e+263 inf
0.419 1.10597e+262 -2.23156e+263 inf
0.4195 1.73123e+263 -3.71782e+263 inf
0.42 5.54778e+263 -5.0649e+263 inf
0.4205 1.10587e+264 -9.97914e+263 inf
0.421 2.57785e+264 -8.59768e+263 inf
0.4215 4.92283e+264 4.89307e+263 inf
0.422 7.75942e+264 4.53423e+264 inf
0.4225 9.24503e+264 1.34145e+265 inf
0.423 4.58242e+264 2.91123e+265 inf
0.4235 5.80521e+264 5.74788e+265 inf
0.424 -3.70289e+265 9.72682e+265 inf
0.4245 -1.38937e+266 1.25313e+266 inf
0.425 -3.25032e+266 8.36772e+265 inf
0.4255 -6.44178e+266 1.06339e+266 inf
0.426 -1.10138e+267 -3.8389e+266 inf
0.4265 -1.38291e+267 -1.55254e+267 inf
0.427 -2.31934e+267 -3.28498e+267 inf
0.4275 -6.41505e+266 -7.10954e+267 inf
0.428 5.37894e+266 -1.37433e+268 inf
0.4285 1.33435e+268 -2.03248e+268 inf
0.429 3.09893e+268 -3.48917e+268 inf
0.4295 7.88191e+268 -2.31534e+268 inf
0.43 1.55858e+269 -1.94657e+268 inf
0.4305 2.47727e+269 1.20157e+269 inf
0.431 4.23961e+269 3.08617e+269 inf
0.4315 3.12756e+269 8.60238e+269 inf
0.432 2.67986e+269 1.71576e+270 inf
0.4325 -1.32613e+270 2.71133e+270 inf
0.433 -3.51875e+270 4.48919e+270 inf
0.4335 -8.3099e+270 6.8339e+270 inf
0.434 -1.85555e+271 9.87456e+269 inf
0.4345 -3.43436e+271 -6.27442e+270 inf
0.435 -5.97158e+271 -2.68404e+271 inf
0.4355 -5.26882e+271 -9.92325e+271 inf
0.436 -4.79052e+271 -2.04319e+272 inf
0.4365 1.38205e+271 -3.91002e+272 inf
0.437 4.40272e+272 -5.01188e+272 inf
0.4375 1.04402e+273 -6.66691e+272 inf
0.438 2.20715e+273 -6.31753e+272 inf
0.4385 4.24594e+273 7.88532e+271 inf
0.439 7.43302e+273 2.49404e+273 inf
0.4395 1.16162e+274 8.58941e+273 inf
0.44 4.80302e+273 2.38404e+274 inf
0.4405 -5.79455e+273 4.42531e+274 inf
0.441 -3.6804e+274 7.29939e+274 inf
0.4415 -1.08404e+275 1.02864e+275 inf
0.442 -2.50405e+275 1.07878e+275 inf
0.4425 -4.95948e+275 2.31234e+274 inf
0.443 -8.56098e+275 -2.85023e+275 inf
0.4435 -1.25472e+276 -1.05075e+276 inf
0.444 -1.39451e+276 -2.61386e+276 inf
0.4445 -5.27765e+275 -5.32628e+276 inf
0.445 2.8551e+276 -9.21872e+276 inf
0.4455 1.12833e+277 -1.32016e+277 inf
0.446 2.80982e+277 -1.35363e+277 inf
0.4465 5.52193e+277 -2.6434e+277 inf
0.447 1.09514e+278 -1.83089e+276 inf
0.4475 1.78505e+278 7.98863e+277 inf
0.448 2.25759e+278 2.65471e+278 inf
0.4485 1.5435e+278 6.00201e+278 inf
0.449 -2.2827e+278 1.07593e+279 inf
0.4495 -5.39043e+278 2.06669e+279 inf
0.45 -2.52086e+279 2.8113e+279 inf
0.4505 -6.24388e+279 2.32339e+279 inf
0.451 -1.16235e+280 -1.57979e+279 inf
0.4515 -2.21187e+280 -4.71525e+279 inf
0.452 -2.99149e+280 -2.60475e+280 inf
0.4525 -2.31732e+280 -6.54459e+280 inf
0.453 -3.21424e+280 -1.29195e+281 inf
0.4535 6.53218e+280 -2.22731e+281 inf
0.454 2.95849e+281 -2.74886e+281 inf
0.4545 6.22016e+281 -4.54216e+281 inf
0.455 1.33062e+282 -1.05188e+281 inf
0.4555 2.53296e+282 1.34985e+281 inf
0.456 3.56333e+282 2.54431e+282 inf
0.4565 2.77077e+282 7.01469e+282 inf
0.457 3.147e+282 1.39024e+283 inf
0.4575 -8.77274e+282 2.28279e+283 inf
0.458 -2.3464e+283 3.96266e+283 inf
0.4585 -7.14747e+283 3.2928e+283 inf
0.459 -1.43067e+284 3.6511e+283 inf
0.4595 -2.3433e+284 -9.07676e+283 inf
0.46 -3.96636e+284 -2.51728e+284 inf
0.4605 -6.30397e+284 -6.09225e+284 inf
0.461 -2.3755e+284 -1.464e+285 inf
0.4615 1.54475e+284 -2.75328e+285 inf
0.462 3.03772e+285 -3.51578e+285 inf
0.4625 6.96877e+285 -5.05146e+285 inf
0.463 1.47244e+286 -6.04219e+285 inf
0.4635 2.55477e+286 7.60372e+285 inf
0.464 4.20898e+286 2.5297e+286 inf
0.4645 6.29263e+286 6.47768e+286 inf
0.465 8.02628e+286 1.45063e+287 inf
0.4655 -5.5434e+286 2.69789e+287 inf
0.466 -2.33604e+287 4.46277e+287 inf
0.4665 -6.39254e+287 6.61071e+287 inf
0.467 -1.4634e+288 8.16597e+287 inf
0.4675 -2.68987e+288 -6.25114e+287 inf
0.468 -4.31149e+288 -2.55848e+288 inf
0.4685 -5.99899e+288 -6.82303e+288 inf
0.469 -6.40594e+288 -1.51344e+289 inf
0.4695 -2.1583e+288 -2.95954e+289 inf
0.47 1.3832e+289 -5.16631e+289 inf
0.4705 5.455e+289 -7.92611e+289 inf
0.471 1.40624e+290 -1.00402e+290 inf
0.4715 2.7585e+290 4.88572e+289 inf
0.472 4.30543e+290 2.56465e+290 inf
0.4725 5.52056e+290 7.04241e+290 inf
0.473 4.55079e+290 1.52855e+291 inf
0.4735 -2.63183e+290 2.82505e+291 inf
0.474 -2.33511e+291 4.46445e+291 inf
0.4745 -6.8696e+291 5.70561e+291 inf
0.475 -1.51364e+292 4.52606e+291 inf
0.4755 -2.77019e+292 -3.30504e+291 inf
0.476 -4.2307e+292 -2.5062e+292 inf
0.4765 -8.34963e+292 -4.70268e+292 inf
0.477 -9.89827e+292 -1.36125e+293 inf
0.4775 -5.65405e+292 -2.89584e+293 inf
0.478 1.27633e+293 -5.00244e+293 inf
0.4785 5.80295e+293 -6.9009e+293 inf
0.479 1.43799e+294 -6.34425e+293 inf
0.4795 2.73154e+294 1.29409e+293 inf
0.48 4.12843e+294 2.34688e+294 inf
0.4805 7.80773e+294 4.73645e+294 inf
0.481 8.16333e+294 1.35295e+295 inf
0.4815 1.46091e+294 2.72506e+295 inf
0.482 -2.01425e+295 4.25097e+295 inf
0.4825 -4.27421e+295 7.90419e+295 inf
0.483 -1.30262e+296 8.27617e+295 inf
0.4835 -2.64217e+296 1.32803e+295 inf
0.484 -4.03071e+296 -2.05899e+296 inf
0.4845 -7.32032e+296 -4.49106e+296 inf
0.485 -6.82535e+296 -1.29512e+297 inf
0.4855 1.42304e+296 -2.48661e+297 inf
0.486 7.197e+296 -4.64686e+297 inf
0.4865 5.18841e+297 -6.05076e+297 inf
0.487 1.28817e+298 -3.98654e+297 inf
0.4875 2.48964e+298 -4.66394e+297 inf
0.488 3.94931e+298 1.62165e+298 inf
0.4885 6.94943e+298 3.94868e+298 inf
0.489 6.03459e+298 1.19889e+299 inf
0.4895 -2.87391e+298 2.231e+299 inf
0.49 -1.13211e+299 4.03406e+299 inf
0.4905 -5.3962e+299 4.45214e+299 inf
0.491 -1.11906e+300 6.5902e+299 inf
0.4915 -2.15187e+300 -1.89997e+299 inf
0.492 -3.86472e+300 -1.01893e+300 inf
0.4925 -4.16368e+300 -5.15077e+300 inf
0.493 -5.83357e+300 -1.07291e+301 inf
0.4935 2.97473e+300 -1.99405e+301 inf
0.494 1.24248e+301 -3.49034e+301 inf
0.4945 3.50482e+301 -5.82407e+301 inf
0.495 1.04281e+302 -3.97113e+301 inf
0.4955 2.01674e+302 -3.0902e+301 inf
0.496 2.88549e+302 1.67533e+302 inf
0.4965 4.4489e+302 4.14377e+302 inf
0.497 6.16457e+302 9.18306e+302 inf
0.4975 -1.90212e+302 1.78845e+303 inf
0.498 -1.11098e+303 3.06551e+303 inf
0.4985 -3.30909e+303 4.88663e+303 inf
0.499 -9.22313e+303 2.44709e+303 inf
0.4995 -1.72113e+304 -3.93717e+300 inf
