0.001 0.00095462 -9.32959e-07 -4.7731e-07
0.0015 0.00178187 -2.92393e-06 -1.3364e-06
0.002 0.00174002 -3.25385e-06 -1.74001e-06
0.0025 0.00382906 -1.21172e-05 -4.78627e-06
0.003 0.005049 -2.03198e-05 -7.57335e-06
0.0035 0.00389986 -1.44292e-05 -6.82466e-06
0.004 0.00688158 -3.74414e-05 -1.37626e-05
0.0045 0.00799421 -4.9941e-05 -1.79861e-05
0.005 0.0112376 -9.12378e-05 -2.80915e-05
0.0055 0.0116121 -9.9355e-05 -3.193e-05
0.006 0.0121174 -0.00010977 -3.63482e-05
0.0065 0.0117537 -0.000107276 -3.81954e-05
0.007 0.0135207 -0.000138731 -4.7316e-05
0.0075 0.0219175 -0.000322406 -8.21643e-05
0.008 0.0234462 -0.000368679 -9.37501e-05
0.0085 0.0251056 -0.000421888 -0.000106654
0.009 0.0238967 -0.000393097 -0.000107493
0.0095 0.0243183 -0.00041124 -0.000115465
0.01 0.0308686 -0.000630878 -0.000154245
0.0105 0.033051 -0.000719837 -0.000173393
0.011 0.0353642 -0.000819991 -0.000194343
0.0115 0.0353096 -0.000826586 -0.000202862
0.012 0.0403823 -0.00105796 -0.000242037
0.0125 0.0430872 -0.00119794 -0.000268972
0.013 0.0449236 -0.00130153 -0.000291623
0.0135 0.0593732 -0.00216484 -0.000399902
0.014 0.0519845 -0.00171593 -0.000363267
0.0145 0.0676875 -0.00278405 -0.000489368
0.015 0.073535 -0.00325872 -0.000549715
0.0155 0.0660457 -0.00269513 -0.000510475
0.016 0.0816273 -0.00398988 -0.000650413
0.0165 0.0858671 -0.00440155 -0.000705286
0.017 0.0902358 -0.00484628 -0.000763288
0.0175 0.0947332 -0.00532587 -0.000824501
0.018 0.0874108 -0.00461404 -0.000783067
0.0185 0.0961526 -0.00552241 -0.000884499
0.019 0.0950668 -0.00543183 -0.000898229
0.0195 0.106549 -0.00673084 -0.00103186
0.02 0.11914 -0.0083132 -0.00118149
0.0205 0.112983 -0.00756054 -0.00114932
0.021 0.129792 -0.00982069 -0.00134944
0.0215 0.13828 -0.0110922 -0.00147002
0.022 0.140949 -0.0115323 -0.00153255
0.0225 0.139291 -0.0113143 -0.00154929
0.023 0.138753 -0.0112674 -0.00157768
0.0235 0.15368 -0.0136834 -0.00178103
0.024 0.164757 -0.0156409 -0.00194616
0.0245 0.167567 -0.0161899 -0.00201947
0.025 0.1774 -0.0180761 -0.00217741
0.0255 0.183903 -0.0193976 -0.00229928
0.026 0.176764 -0.018042 -0.00225647
0.0265 0.200212 -0.0228966 -0.00259207
0.027 0.201197 -0.0231615 -0.00265324
0.0275 0.211116 -0.0254375 -0.002829
0.028 0.218214 -0.0271493 -0.00297206
0.0285 0.221041 -0.0278803 -0.00306202
0.029 0.230812 -0.0303427 -0.00324523
0.0295 0.245053 -0.0340981 -0.00349128
0.03 0.247758 -0.0348873 -0.00358672
0.0305 0.268457 -0.0407935 -0.00392696
0.031 0.267062 -0.0404513 -0.00397202
0.0315 0.281186 -0.0447651 -0.00423043
0.032 0.279088 -0.0441895 -0.00426808
0.0325 0.279996 -0.044538 -0.00434729
0.033 0.295396 -0.0494867 -0.00463283
0.0335 0.297028 -0.0500934 -0.00472599
0.034 0.312117 -0.0552475 -0.00501285
0.0345 0.329142 -0.06138 -0.00532919
0.035 0.329237 -0.0614968 -0.00540733
0.0355 0.35296 -0.0706058 -0.0058227
0.036 0.335459 -0.063964 -0.00565203
0.0365 0.373794 -0.079285 -0.00628088
0.037 0.357152 -0.0725377 -0.00612804
0.0375 0.373685 -0.0794243 -0.00645009
0.038 0.369866 -0.0779156 -0.0064799
0.0385 0.392078 -0.0875846 -0.00688646
0.039 0.412362 -0.0969856 -0.0072612
0.0395 0.397987 -0.0904356 -0.0071494
0.04 0.420268 -0.100967 -0.0075567
0.0405 0.439274 -0.110498 -0.00791239
0.041 0.4475 -0.114843 -0.00812021
0.0415 0.470875 -0.127516 -0.00852473
0.042 0.458862 -0.121076 -0.00846939
0.0425 0.46867 -0.12653 -0.0086991
0.043 0.48117 -0.133657 -0.00896245
0.0435 0.511846 -0.151983 -0.00944068
0.044 0.49843 -0.143966 -0.00938681
0.0445 0.527277 -0.161958 -0.00983185
0.045 0.531287 -0.164678 -0.0099854
0.0455 0.516677 -0.155493 -0.00992667
0.046 0.526906 -0.162109 -0.0101543
0.0465 0.565133 -0.188035 -0.0106687
0.047 0.554978 -0.181075 -0.0106804
0.0475 0.573463 -0.194275 -0.0109738
0.048 0.579603 -0.198893 -0.0111438
0.0485 0.608686 -0.221212 -0.0114954
0.049 0.616809 -0.227854 -0.0116685
0.0495 0.636229 -0.244086 -0.0119031
0.05 0.620692 -0.231309 -0.011928
0.0505 0.638698 -0.246501 -0.0121518
0.051 0.641234 -0.248832 -0.0122827
0.0515 0.656031 -0.26197 -0.0124674
0.052 0.670678 -0.275484 -0.0126338
0.0525 0.671933 -0.276816 -0.0127557
0.053 0.684306 -0.288714 -0.0128985
0.0535 0.69262 -0.296987 -0.0130251
0.054 0.719257 -0.324405 -0.01312
0.0545 0.709605 -0.314472 -0.0132559
0.055 0.722425 -0.328132 -0.0133478
0.0555 0.739486 -0.347036 -0.0133993
0.056 0.74225 -0.350338 -0.0135019
0.0565 0.749082 -0.358346 -0.0135784
0.057 0.777133 -0.392422 -0.0134568
0.0575 0.769839 -0.383511 -0.0136447
0.058 0.779736 -0.396096 -0.0136557
0.0585 0.785823 -0.404107 -0.0136968
0.059 0.802791 -0.426952 -0.0135711
0.0595 0.809035 -0.435816 -0.0135792
0.06 0.818155 -0.449023 -0.0135235
0.0605 0.842313 -0.485889 -0.0130995
0.061 0.859375 -0.514194 -0.0127334
0.0615 0.849517 -0.497916 -0.0131158
0.062 0.855379 -0.507835 -0.0130506
0.0625 0.855286 -0.507882 -0.0131532
0.063 0.889941 -0.571097 -0.0120235
0.0635 0.877073 -0.546683 -0.0126235
0.064 0.885931 -0.563667 -0.0123699
0.0645 0.894986 -0.581836 -0.0120696
0.065 0.91174 -0.617795 -0.0113253
0.0655 0.916063 -0.627845 -0.011165
0.066 0.915557 -0.626892 -0.0112729
0.0665 0.916915 -0.630242 -0.011273
0.067 0.926456 -0.653355 -0.0107586
0.0675 0.94814 -0.712541 -0.00919861
0.068 0.94165 -0.693904 -0.0098
0.0685 0.957067 -0.741066 -0.00848773
0.069 0.955904 -0.737455 -0.0086584
0.0695 0.963318 -0.763032 -0.00793256
0.07 0.963671 -0.764515 -0.00794254
0.0705 0.978187 -0.823914 -0.00607165
0.071 0.976596 -0.816813 -0.00635094
0.0715 0.978354 -0.825103 -0.00611722
0.072 0.985516 -0.862222 -0.00488816
0.0725 0.986786 -0.869842 -0.00465589
0.073 0.995247 -0.932393 -0.00245594
0.0735 0.993488 -0.916868 -0.00303519
0.074 0.992293 -0.907473 -0.00339712
0.0745 0.999607 -0.990625 -0.000349079
0.075 0.997296 -0.954946 -0.00168494
0.0755 0.997723 -0.960417 -0.00149084
0.076 1.00054 -1.01906 0.000724836
0.0765 1.00034 -1.0663 0.00253672
0.077 1.00074 -1.03567 0.00137444
0.0775 0.999378 -1.09111 0.00352819
0.078 0.999522 -1.08874 0.00345931
0.0785 0.997821 -1.11589 0.00453865
0.079 0.998672 -1.10434 0.00411583
0.0795 0.995516 -1.14211 0.00562345
0.08 0.993529 -1.16007 0.00636148
0.0805 0.992667 -1.16727 0.00668319
0.081 0.978024 -1.25183 0.0099751
0.0815 0.975235 -1.26446 0.0105097
0.082 0.968329 -1.29251 0.0116133
0.0825 0.975145 -1.26542 0.0106763
0.083 0.951661 -1.34917 0.0137902
0.0835 0.962262 -1.31525 0.0126649
0.084 0.958336 -1.32872 0.0132309
0.0845 0.934697 -1.39712 0.0156828
0.085 0.944624 -1.37075 0.0148842
0.0855 0.928283 -1.41367 0.0164161
0.086 0.910725 -1.45403 0.0177803
0.0865 0.925243 -1.4215 0.0168669
0.087 0.899482 -1.47783 0.0186964
0.0875 0.901297 -1.47443 0.0187074
0.088 0.891049 -1.4948 0.0193994
0.0885 0.863299 -1.54434 0.0207942
0.089 0.857801 -1.55357 0.0211309
0.0895 0.825659 -1.60233 0.0222549
0.09 0.810946 -1.62275 0.0227258
0.0905 0.812325 -1.62112 0.0228309
0.091 0.826259 -1.60214 0.0226373
0.0915 0.796116 -1.64266 0.0234072
0.092 0.769575 -1.67494 0.0238931
0.0925 0.743565 -1.70394 0.0242083
0.093 0.714189 -1.73395 0.0243743
0.0935 0.742729 -1.70521 0.0244869
0.094 0.696414 -1.75112 0.0245852
0.0945 0.701288 -1.74678 0.0247453
0.095 0.687339 -1.75972 0.0248038
0.0955 0.648967 -1.79244 0.0245561
0.096 0.653835 -1.78867 0.0247517
0.0965 0.625541 -1.81096 0.0244766
0.097 0.556171 -1.85848 0.0231569
0.0975 0.600314 -1.82957 0.0242775
0.098 0.514603 -1.88301 0.0222657
0.0985 0.538236 -1.86972 0.0230546
0.099 0.501959 -1.8901 0.0221162
0.0995 0.485382 -1.89878 0.0217036
