0.001 0.00147731 1.24833e-07 1.21605e-06
0.002 0.00387 1.21531e-07 7.60999e-06
0.003 0.00552449 6.00161e-07 1.58601e-05
0.004 0.00944069 -3.91959e-06 4.06438e-05
0.005 0.0106188 -1.73881e-06 5.46402e-05
0.006 0.0120586 -1.78161e-07 7.25267e-05
0.007 0.0137602 8.09515e-07 9.5481e-05
0.008 0.0237221 -6.07265e-05 0.000220643
0.009 0.0209481 -1.76216e-05 0.00020179
0.01 0.0304323 -0.000106642 0.000356425
0.011 0.0341794 -0.000141261 0.000442866
0.012 0.0381878 -0.000185941 0.00054323
0.013 0.0354623 -0.000106376 0.000522416
0.014 0.0469873 -0.000313575 0.000790379
0.015 0.0517781 -0.000401088 0.000939478
0.016 0.0568291 -0.000507781 0.00110712
0.017 0.0621401 -0.000636446 0.00129445
0.018 0.061723 -0.000563568 0.00134145
0.019 0.0665572 -0.000680735 0.00153443
0.02 0.0796287 -0.00118528 0.00198579
0.021 0.085975 -0.00143385 0.00226303
0.022 0.0925788 -0.00172143 0.00256547
0.023 0.0924708 -0.00162109 0.00265565
0.024 0.106555 -0.00242987 0.0032501
0.025 0.113926 -0.00285937 0.00363433
0.026 0.127505 -0.00385962 0.00427662
0.027 0.14132 -0.0050338 0.00496453
0.028 0.137558 -0.00450504 0.00496621
0.029 0.144948 -0.00508711 0.00543074
0.03 0.154565 -0.0059505 0.00601236
0.031 0.165413 -0.00703076 0.00667462
0.032 0.172559 -0.00772561 0.00719257
0.033 0.181922 -0.00875141 0.00783468
0.034 0.191526 -0.00987755 0.00851227
0.035 0.201368 -0.0111104 0.00922584
0.036 0.223162 -0.0144282 0.0105766
0.037 0.217855 -0.0132612 0.0105571
0.038 0.243958 -0.0177046 0.0122099
0.039 0.248887 -0.018376 0.0127653
0.04 0.254064 -0.019111 0.0133458
0.041 0.289303 -0.0265711 0.0156301
0.042 0.276708 -0.0233011 0.0152539
0.043 0.310303 -0.0310944 0.0175329
0.044 0.300201 -0.0281475 0.017309
0.045 0.340621 -0.0386957 0.0200644
0.046 0.339606 -0.0379737 0.0204133
0.047 0.356658 -0.0426653 0.0218473
0.048 0.349587 -0.0400663 0.0218419
0.049 0.394809 -0.0543966 0.0250199
0.05 0.375393 -0.0472729 0.0243043
0.051 0.388552 -0.0512183 0.0255797
0.052 0.43098 -0.066423 0.0286549
0.053 0.440668 -0.0697753 0.0297531
0.054 0.439788 -0.0688508 0.0302262
0.055 0.442736 -0.0694889 0.0309329
0.056 0.456629 -0.0747244 0.0323225
0.057 0.481205 -0.0850344 0.0343599
0.058 0.509085 -0.0978124 0.0365551
0.059 0.526493 -0.106098 0.0381278
0.06 0.513326 -0.0986141 0.0379999
0.061 0.546304 -0.11544 0.0404474
0.062 0.54389 -0.113383 0.0409525
0.063 0.574082 -0.130074 0.0431706
0.064 0.597322 -0.143792 0.0449428
0.065 0.621848 -0.159367 0.0466799
0.066 0.600597 -0.144314 0.046458
0.067 0.638646 -0.16957 0.0487416
0.068 0.6299 -0.162471 0.0491149
0.069 0.673889 -0.194684 0.05133
0.07 0.65913 -0.182208 0.0516178
0.071 0.679579 -0.197447 0.052959
0.072 0.722237 -0.233587 0.0545076
0.073 0.722249 -0.232608 0.0552676
0.074 0.714081 -0.224157 0.0559224
0.075 0.731075 -0.238902 0.0568707
0.076 0.753102 -0.259589 0.0576852
0.077 0.759051 -0.26468 0.058427
0.078 0.776597 -0.282435 0.0590016
0.079 0.781998 -0.287375 0.0596778
0.08 0.799701 -0.306838 0.0599972
0.081 0.849573 -0.371879 0.0581553
0.082 0.861212 -0.388263 0.0579541
0.083 0.855892 -0.378885 0.0591679
0.084 0.850619 -0.369798 0.0603539
0.085 0.862623 -0.386771 0.0600843
0.086 0.904538 -0.458605 0.0556485
0.087 0.910752 -0.469737 0.0553241
0.088 0.896544 -0.440698 0.0583051
0.089 0.911681 -0.468985 0.0565692
0.09 0.928805 -0.505052 0.0538261
0.091 0.924174 -0.493102 0.0555219
0.092 0.941592 -0.53377 0.0519827
0.093 0.955136 -0.570253 0.0484834
0.094 0.971548 -0.624342 0.0425122
0.095 0.973421 -0.630171 0.0421613
0.096 0.96756 -0.606593 0.045471
0.097 0.981725 -0.663279 0.0385819
0.098 0.993657 -0.733033 0.0293125
0.099 0.994727 -0.740113 0.0285114
0.1 0.989566 -0.701245 0.0342478
0.101 0.99401 -0.730879 0.0302408
0.102 0.996506 -0.751311 0.027435
0.103 0.99908 -0.779924 0.0232977
0.104 1.00131 -0.834617 0.0149827
0.105 1.00129 -0.829589 0.0158114
0.106 1.00047 -0.884289 0.00716487
0.107 0.998895 -0.910636 0.00288894
0.108 0.997809 -0.923317 0.000751198
0.109 0.996394 -0.937275 -0.00163236
0.11 0.992717 -0.967529 -0.00672952
0.111 0.982429 -1.02914 -0.0169917
0.112 0.982987 -1.02489 -0.0165583
0.113 0.970588 -1.07994 -0.0257835
0.114 0.966326 -1.09521 -0.0285753
0.115 0.93373 -1.19684 -0.044702
0.116 0.942766 -1.17006 -0.0411365
0.117 0.909554 -1.25434 -0.0540103
0.118 0.917861 -1.2333 -0.0515526
0.119 0.917846 -1.23194 -0.0518814
0.12 0.904394 -1.26193 -0.0567317
0.121 0.868753 -1.33383 -0.0669141
0.122 0.863288 -1.3427 -0.0686451
0.123 0.821527 -1.41294 -0.0772884
0.124 0.803116 -1.44009 -0.0806617
0.125 0.806313 -1.43396 -0.0807689
0.126 0.747607 -1.51469 -0.0880895
0.127 0.780554 -1.46904 -0.0853682
0.128 0.736402 -1.52645 -0.0902783
0.129 0.68797 -1.58261 -0.0936308
0.13 0.628293 -1.64406 -0.0952205
0.131 0.65354 -1.61741 -0.0958478
0.132 0.658461 -1.61111 -0.0964837
0.133 0.636435 -1.63261 -0.0973801
0.134 0.578194 -1.68663 -0.0971153
0.135 0.47037 -1.77228 -0.0911713
0.136 0.542539 -1.71529 -0.097004
0.137 0.4369 -1.79389 -0.0894251
0.138 0.380944 -1.829 -0.0838189
0.139 0.374089 -1.83234 -0.0836365
0.14 0.411341 -1.80825 -0.0887693
0.141 0.356763 -1.841 -0.0827208
0.142 0.333052 -1.85372 -0.0801167
0.143 0.197292 -1.91837 -0.0588394
0.144 0.220153 -1.90814 -0.0634074
0.145 0.115363 -1.94756 -0.044413
0.146 0.162827 -1.93029 -0.0540262
0.147 0.0676527 -1.96135 -0.0356131
0.148 0.115851 -1.94602 -0.045817
0.149 0.00667297 -1.9763 -0.0233998
0.15 0.0314585 -1.96999 -0.0290612
0.151 -0.115405 -1.99665 0.00331263
0.152 -0.138147 -1.99884 0.00838156
0.153 -0.192702 -2.00228 0.0208448
0.154 -0.132648 -1.99811 0.00690717
0.155 -0.266963 -2.00234 0.0379798
0.156 -0.296743 -2.00087 0.0448943
0.157 -0.377261 -1.99186 0.0630522
0.158 -0.365547 -1.99391 0.0607378
0.159 -0.41339 -1.98587 0.0714204
0.16 -0.378303 -1.99248 0.0640691
0.161 -0.411754 -1.98684 0.0716971
0.162 -0.515423 -1.95959 0.0932353
0.163 -0.549284 -1.94771 0.0999343
0.164 -0.653646 -1.89765 0.11651
0.165 -0.571247 -1.93985 0.104819
0.166 -0.695938 -1.87227 0.122589
0.167 -0.645803 -1.90433 0.117437
0.168 -0.676868 -1.88643 0.12195
0.169 -0.783503 -1.80378 0.129973
0.17 -0.741506 -1.84169 0.129134
0.171 -0.779467 -1.80954 0.131463
0.172 -0.883169 -1.68672 0.125784
0.173 -0.8707 -1.70635 0.128524
0.174 -0.920631 -1.62436 0.118692
0.175 -0.877507 -1.69879 0.129164
0.176 -0.899604 -1.66512 0.125835
0.177 -0.969646 -1.50577 0.0980077
0.178 -0.969099 -1.50905 0.099144
0.179 -0.962846 -1.53015 0.104064
0.18 -0.993107 -1.40787 0.0763095
0.181 -0.983608 -1.45864 0.0889173
0.182 -1.00041 -1.35363 0.0629395
0.183 -1.00395 -1.25055 0.0353482
0.184 -1.00268 -1.32774 0.0563911
0.185 -1.00316 -1.22914 0.0294203
0.186 -0.992506 -1.12588 0.000456879
0.187 -1.00136 -1.20263 0.0218939
0.188 -0.985145 -1.08633 -0.0110174
0.189 -0.951516 -0.957517 -0.0464066
0.19 -0.965393 -1.00535 -0.0339942
0.191 -0.908666 -0.846278 -0.0753478
0.192 -0.913593 -0.859235 -0.0727668
0.193 -0.909514 -0.851022 -0.0752948
0.194 -0.894493 -0.818748 -0.0835154
0.195 -0.864783 -0.75993 -0.097258
0.196 -0.814344 -0.673014 -0.114962
0.197 -0.734622 -0.558428 -0.132673
0.198 -0.759505 -0.593465 -0.12894
0.199 -0.759313 -0.594508 -0.12951
0.2 -0.731944 -0.558781 -0.134792
0.201 -0.671592 -0.485826 -0.142295
0.202 -0.568706 -0.379075 -0.145513
0.203 -0.588151 -0.399099 -0.146498
0.204 -0.56618 -0.378933 -0.146858
0.205 -0.497931 -0.31876 -0.143988
0.206 -0.374513 -0.225445 -0.129903
0.207 -0.385263 -0.233826 -0.132275
0.208 -0.339476 -0.203836 -0.125439
0.209 -0.231357 -0.140814 -0.104137
0.21 -0.262328 -0.15862 -0.111632
0.211 -0.0170024 -0.049959 -0.0485665
0.212 -0.122657 -0.0904948 -0.0788778
0.213 0.0574666 -0.0288458 -0.0267785
0.214 0.0990308 -0.0191291 -0.0140425
0.215 0.217039 0.000222277 0.0237753
0.216 0.200201 -0.0018728 0.0181692
0.217 0.263146 0.00403871 0.0386698
0.218 0.194908 -0.00284667 0.0161519
0.219 0.419542 0.00092223 0.0889305
0.22 0.311627 0.00598061 0.0545541
0.221 0.491681 -0.00980485 0.111118
0.222 0.549937 -0.0237177 0.127779
0.223 0.498155 -0.010472 0.113662
0.224 0.529446 -0.0173382 0.122968
0.225 0.640323 -0.0551177 0.151408
0.226 0.64934 -0.0586155 0.153924
0.227 0.733407 -0.104987 0.169467
0.228 0.72869 -0.101105 0.169501
0.229 0.794805 -0.150287 0.176864
0.23 0.906665 -0.281158 0.169388
0.231 0.837716 -0.189878 0.179033
0.232 0.934521 -0.328595 0.162057
0.233 0.964662 -0.398046 0.14646
0.234 0.957113 -0.376588 0.152354
0.235 0.982355 -0.452453 0.132414
0.236 0.97785 -0.434576 0.137948
0.237 0.997586 -0.522599 0.111545
0.238 0.996483 -0.513994 0.11459
0.239 1.00687 -0.621087 0.0786796
0.24 1.00713 -0.628435 0.0761901
0.241 0.999599 -0.762187 0.0278768
0.242 0.995004 -0.793107 0.0164192
0.243 0.954515 -0.959959 -0.0436487
0.244 0.932535 -1.02151 -0.0649582
0.245 0.948258 -0.976278 -0.0501221
0.246 0.910761 -1.07267 -0.0826161
0.247 0.913708 -1.06437 -0.0804971
0.248 0.846669 -1.20052 -0.121472
0.249 0.826556 -1.23437 -0.130938
0.25 0.706735 -1.40891 -0.16666
0.251 0.643545 -1.48396 -0.175815
0.252 0.65547 -1.46896 -0.17522
0.253 0.543699 -1.58626 -0.180345
0.254 0.50911 -1.61764 -0.179663
0.255 0.558497 -1.56943 -0.181918
0.256 0.47106 -1.64928 -0.178269
0.257 0.223398 -1.82652 -0.13348
0.258 0.310889 -1.77033 -0.154973
0.259 0.239395 -1.81533 -0.138965
0.26 -0.000814789 -1.93271 -0.0650254
0.261 0.113177 -1.88269 -0.104023
0.262 0.0574124 -1.9078 -0.0863021
0.263 -0.170982 -1.98326 -0.00198296
0.264 -0.0431965 -1.94616 -0.0514584
0.265 -0.350589 -2.00793 0.069417
0.266 -0.309911 -2.00506 0.0530964
0.267 -0.436447 -2.00798 0.103258
0.268 -0.478843 -2.00491 0.119563
0.269 -0.442173 -2.00797 0.105758
0.27 -0.5661 -1.99122 0.151492
0.271 -0.611989 -1.97948 0.16696
0.272 -0.587654 -1.98675 0.159504
0.273 -0.709385 -1.94169 0.195008
0.274 -0.760486 -1.91302 0.205975
0.275 -0.753759 -1.91805 0.205484
0.276 -0.863322 -1.82737 0.21493
0.277 -0.911666 -1.76602 0.208958
0.278 -0.919714 -1.75461 0.207656
0.279 -0.987912 -1.59399 0.164395
0.28 -0.947617 -1.70635 0.198452
0.281 -1.0099 -1.42877 0.101866
0.282 -1.00933 -1.45134 0.111228
0.283 -1.00002 -1.2831 0.0400889
0.284 -1.00941 -1.45558 0.113234
0.285 -0.973906 -1.16066 -0.0128487
0.286 -0.986911 -1.21507 0.0101243
0.287 -0.941096 -1.0599 -0.0553755
0.288 -0.908432 -0.979902 -0.0871734
0.289 -0.906396 -0.976654 -0.088951
0.29 -0.78722 -0.758436 -0.160966
0.291 -0.871253 -0.905556 -0.115999
0.292 -0.832894 -0.836119 -0.139715
0.293 -0.633706 -0.558306 -0.201661
0.294 -0.691871 -0.630199 -0.192281
0.295 -0.577402 -0.498637 -0.207621
0.296 -0.514582 -0.436407 -0.208784
0.297 -0.512953 -0.436029 -0.209408
0.298 -0.301729 -0.261187 -0.181557
0.299 -0.434478 -0.366766 -0.205122
0.3 -0.3525 -0.300919 -0.193515
0.301 -0.0361655 -0.107018 -0.100638
0.302 -0.0875654 -0.133076 -0.120388
0.303 0.0975701 -0.0530541 -0.0468868
0.304 0.212768 -0.0186782 0.00413124
0.305 0.259316 -0.00835805 0.0252992
0.306 0.239041 -0.0129927 0.015662
0.307 0.447466 0.0119841 0.112169
0.308 0.30134 -0.00109938 0.0443041
0.309 0.383766 0.00919461 0.082875
0.31 0.667991 -0.0202002 0.20311
0.311 0.633618 -0.00948424 0.191297
0.312 0.779755 -0.071209 0.235336
0.313 0.861709 -0.135057 0.245335
0.314 0.899147 -0.175909 0.243796
0.315 0.904251 -0.181411 0.243879
0.316 0.878869 -0.150035 0.247426
0.317 0.961799 -0.276131 0.224522
0.318 0.996627 -0.380227 0.188692
0.319 1.00769 -0.442622 0.163057
0.32 1.00924 -0.454306 0.158173
0.321 1.00413 -0.413778 0.175963
0.322 1.00987 -0.601876 0.089172
0.323 0.9852 -0.748745 0.016874
0.324 0.958428 -0.841245 -0.0281061
0.325 0.946474 -0.874624 -0.0442343
0.326 0.955381 -0.847796 -0.0320407
0.327 0.845788 -1.09214 -0.138076
0.328 0.728431 -1.2751 -0.196854
0.329 0.85577 -1.07105 -0.131305
0.33 0.816722 -1.13843 -0.156902
0.331 0.567239 -1.46672 -0.230204
0.332 0.605847 -1.4229 -0.227054
0.333 0.404597 -1.62066 -0.225538
0.334 0.549007 -1.48221 -0.233034
0.335 0.445768 -1.58183 -0.231382
0.336 0.389439 -1.63024 -0.225569
0.337 0.0511144 -1.86045 -0.128511
0.338 0.101676 -1.83171 -0.14896
0.339 -0.135851 -1.94354 -0.045634
0.34 0.0270628 -1.87082 -0.120474
0.341 -0.100342 -1.92872 -0.063701
0.342 -0.172472 -1.95522 -0.0289025
0.343 -0.515939 -2.01491 0.148114
0.344 -0.484867 -2.01491 0.132572
0.345 -0.696066 -1.98723 0.229563
0.346 -0.584343 -2.01105 0.181839
0.347 -0.703787 -1.98565 0.233414
0.348 -0.773784 -1.95678 0.257088
0.349 -0.804881 -1.9398 0.265529
0.35 -0.80284 -1.94177 0.265742
0.351 -0.949998 -1.79 0.263299
0.352 -0.906534 -1.85424 0.275769
0.353 -0.978676 -1.73163 0.246543
0.354 -1.00809 -1.62217 0.201667
0.355 -1.01572 -1.54321 0.163381
0.356 -1.01607 -1.50406 0.143233
0.357 -1.01622 -1.50848 0.145624
0.358 -0.96452 -1.2208 -0.0104746
0.359 -0.992337 -1.32257 0.0443927
0.36 -0.924871 -1.11653 -0.0655173
0.361 -0.845004 -0.954077 -0.141929
0.362 -0.775534 -0.840745 -0.186593
0.363 -0.730805 -0.776716 -0.208035
0.364 -0.71828 -0.760729 -0.213411
0.365 -0.440122 -0.448848 -0.251262
0.366 -0.509679 -0.51784 -0.253875
0.367 -0.282167 -0.317001 -0.226947
0.368 -0.445598 -0.45763 -0.253639
0.369 -0.303153 -0.335574 -0.233318
0.37 -0.199864 -0.259575 -0.205913
0.371 -0.140836 -0.220718 -0.186443
0.372 0.250042 -0.0317038 5.93119e-05
0.373 0.218278 -0.0426941 -0.0179601
0.374 0.140074 -0.0731404 -0.0606553
0.375 0.388173 0.00256675 0.0779093
0.376 0.575207 0.0176004 0.183187
0.377 0.70561 -0.00137789 0.247566
0.378 0.789297 -0.0321945 0.279818
0.379 0.83669 -0.0588503 0.292907
0.38 0.855633 -0.0715896 0.297027
0.381 0.849752 -0.0664418 0.296805
0.382 0.985949 -0.247534 0.26915
0.383 0.956336 -0.183136 0.290923
0.384 1.01309 -0.353747 0.221992
0.385 0.975903 -0.219007 0.281168
0.386 1.01026 -0.331859 0.233515
0.387 1.01916 -0.425593 0.184312
0.388 1.01745 -0.489625 0.147843
0.389 0.901104 -0.897641 -0.0887669
0.39 0.904569 -0.888857 -0.0847009
0.391 0.926666 -0.837679 -0.0574708
0.392 0.757269 -1.14437 -0.20285
0.393 0.84071 -1.0086 -0.146566
0.394 0.692641 -1.23195 -0.233223
0.395 0.545269 -1.40702 -0.26851
0.396 0.417279 -1.53452 -0.270083
0.397 0.319771 -1.61953 -0.256964
0.398 0.258537 -1.66794 -0.243509
0.399 0.23615 -1.68414 -0.238091
0.4 0.253362 -1.6698 -0.24359
0.401 -0.0973653 -1.8908 -0.098499
0.402 0.000792321 -1.83794 -0.148925
0.403 -0.271033 -1.96251 -6.15318e-05
0.404 -0.489701 -2.01488 0.134892
0.405 -0.652955 -2.01772 0.231055
0.406 -0.435451 -2.00606 0.100887
0.407 -0.540009 -2.01967 0.16567
0.408 -0.606488 -2.02129 0.20543
0.409 -0.904932 -1.91064 0.324088
0.41 -0.906763 -1.90975 0.324932
0.411 -0.890173 -1.92593 0.324876
0.412 -1.00709 -1.72808 0.272166
0.413 -0.982276 -1.803 0.304836
0.414 -1.02209 -1.60681 0.206438
0.415 -0.996779 -1.40124 0.0772814
0.416 -1.02236 -1.59912 0.202079
0.417 -1.00887 -1.46018 0.114791
0.418 -0.980423 -1.3444 0.0399199
0.419 -0.95086 -1.25911 -0.0143632
0.42 -0.929718 -1.20799 -0.0461831
0.421 -0.658782 -0.762025 -0.254687
0.422 -0.672858 -0.781509 -0.249762
0.423 -0.713563 -0.837321 -0.232182
0.424 -0.430804 -0.513584 -0.288904
0.425 -0.543205 -0.631025 -0.284393
0.426 -0.293881 -0.392374 -0.272213
0.427 -0.0581975 -0.218662 -0.193062
0.428 0.146404 -0.103328 -0.0872729
0.429 0.312261 -0.0343049 0.0150369
0.43 0.438352 0.00194218 0.0980203
0.431 0.527279 0.0177896 0.156959
0.432 0.582845 0.0230098 0.193128
0.433 0.608354 0.0241134 0.209452
0.434 0.60558 0.0241215 0.207776
0.435 0.880197 -0.0469708 0.341506
0.436 0.841234 -0.022299 0.331787
0.437 0.775788 0.00475097 0.305686
0.438 0.940416 -0.100388 0.346843
0.439 1.01531 -0.263649 0.286535
0.44 0.965773 -0.133338 0.34191
0.441 1.01582 -0.262689 0.287759
0.442 1.02458 -0.396093 0.207238
0.443 1.0087 -0.51834 0.124736
0.444 0.982319 -0.61952 0.0548577
0.445 0.956311 -0.69378 0.00415113
0.446 0.938161 -0.738025 -0.0256111
0.447 0.652318 -1.20937 -0.265323
0.448 0.665347 -1.19128 -0.260363
0.449 0.702482 -1.14068 -0.243364
0.45 0.3812 -1.50051 -0.302089
0.451 0.484837 -1.39638 -0.303909
0.452 0.1832 -1.66717 -0.260659
0.453 -0.10573 -1.85749 -0.126762
0.454 0.104748 -1.72331 -0.232925
0.455 -0.122389 -1.86509 -0.11832
0.456 -0.314447 -1.9542 0.00468928
0.457 -0.467847 -2.00271 0.11215
0.458 -0.584013 -2.02328 0.194087
0.459 -0.666962 -2.02735 0.250145
0.46 -0.721422 -2.02409 0.284603
0.461 -0.751503 -2.01998 0.302562
0.462 -0.759873 -2.01876 0.307635
0.463 -0.985121 -1.85963 0.354709
0.464 -0.970343 -1.8861 0.363367
0.465 -1.02659 -1.62087 0.219683
0.466 -1.027 -1.70534 0.276117
0.467 -0.986958 -1.4213 0.0757892
0.468 -1.02116 -1.57104 0.184429
0.469 -0.948112 -1.31547 -0.000782088
0.47 -0.819699 -1.06451 -0.161966
0.471 -0.662349 -0.837852 -0.267501
0.472 -0.855361 -1.12851 -0.125921
0.473 -0.749443 -0.960032 -0.218369
0.474 -0.645656 -0.820851 -0.275517
0.475 -0.554105 -0.712476 -0.305149
0.476 -0.48151 -0.634202 -0.31717
0.477 0.0501441 -0.195288 -0.174962
0.478 0.0776831 -0.179225 -0.160147
0.479 0.0764703 -0.180826 -0.161553
0.48 0.046485 -0.200285 -0.179148
0.481 0.47002 -0.00304887 0.107415
0.482 0.391386 -0.0288043 0.0482022
0.483 0.713923 0.0299197 0.28521
0.484 0.604094 0.0247406 0.207512
0.485 0.837903 0.00719381 0.358261
0.486 0.976994 -0.100091 0.382177
0.487 0.881223 -0.0111539 0.377185
0.488 0.984541 -0.110023 0.38069
0.489 1.02768 -0.242552 0.314924
0.49 1.0254 -0.388708 0.212565
0.491 0.993004 -0.532996 0.102074
0.492 0.94436 -0.664505 0.0021863
0.493 0.890993 -0.776259 -0.0780355
0.494 0.84179 -0.864273 -0.136484
0.495 0.803128 -0.926573 -0.174797
0.496 0.77919 -0.96236 -0.195723
0.497 0.347065 -1.47173 -0.328507
0.498 0.361311 -1.45686 -0.330365
0.499 0.400347 -1.41748 -0.332718
