0 0.019999 1 0.5002
0.01 0.029996 0.9999 0.50035
0.02 0.03999 0.9997 0.5005
0.03 0.04998 0.9994 0.500649
0.04 0.059965 0.999 0.500799
0.05 0.069944 0.9985 0.500948
0.06 0.079916 0.997901 0.501096
0.07 0.08988 0.997201 0.501244
0.08 0.0998351 0.996402 0.501392
0.09 0.10978 0.995503 0.501539
0.1 0.119714 0.994505 0.501686
0.11 0.129636 0.993407 0.501832
0.12 0.139545 0.99221 0.501977
0.13 0.149441 0.990914 0.502121
0.14 0.159321 0.989518 0.502265
0.15 0.169185 0.988024 0.502407
0.16 0.179033 0.986431 0.502549
0.17 0.188862 0.984739 0.50269
0.18 0.198673 0.982948 0.502829
0.19 0.208463 0.98106 0.502968
0.2 0.218233 0.979073 0.503105
0.21 0.227981 0.976988 0.503241
0.22 0.237707 0.974806 0.503376
0.23 0.247408 0.972526 0.503509
0.24 0.257085 0.970149 0.503641
0.25 0.266736 0.967675 0.503772
0.26 0.27636 0.965104 0.503901
0.27 0.285957 0.962437 0.504028
0.28 0.295525 0.959673 0.504154
0.29 0.305064 0.956814 0.504278
0.3 0.314572 0.953858 0.504401
0.31 0.324048 0.950808 0.504521
0.32 0.333493 0.947662 0.50464
0.33 0.342903 0.944422 0.504758
0.34 0.35228 0.941087 0.504873
0.35 0.361621 0.937658 0.504986
0.36 0.370927 0.934135 0.505097
0.37 0.380195 0.930519 0.505207
0.38 0.389425 0.926809 0.505314
0.39 0.398616 0.923007 0.505419
0.4 0.407767 0.919113 0.505522
0.41 0.416878 0.915127 0.505622
0.42 0.425946 0.911049 0.505721
0.43 0.434973 0.906881 0.505817
0.44 0.443955 0.902621 0.505911
0.45 0.452894 0.898271 0.506002
0.46 0.461787 0.893832 0.506091
0.47 0.470634 0.889303 0.506178
0.48 0.479433 0.884685 0.506262
0.49 0.488185 0.879979 0.506344
0.5 0.496888 0.875184 0.506423
0.51 0.505542 0.870303 0.506499
0.52 0.514144 0.865334 0.506573
0.53 0.522696 0.860278 0.506645
0.54 0.531195 0.855137 0.506713
0.55 0.539641 0.84991 0.506779
0.56 0.548033 0.844598 0.506843
0.57 0.55637 0.839201 0.506903
0.58 0.564652 0.833721 0.506961
0.59 0.572877 0.828157 0.507016
0.6 0.581045 0.822511 0.507068
0.61 0.589154 0.816782 0.507118
0.62 0.597205 0.810972 0.507165
0.63 0.605196 0.80508 0.507208
0.64 0.613127 0.799108 0.507249
0.65 0.620996 0.793056 0.507287
0.66 0.628803 0.786925 0.507322
0.67 0.636547 0.780715 0.507354
0.68 0.644228 0.774427 0.507383
0.69 0.651844 0.768061 0.50741
0.7 0.659395 0.761619 0.507433
0.71 0.66688 0.755101 0.507453
0.72 0.674299 0.748507 0.507471
0.73 0.68165 0.741838 0.507485
0.74 0.688932 0.735095 0.507496
0.75 0.696146 0.728278 0.507505
0.76 0.703291 0.721389 0.50751
0.77 0.710364 0.714428 0.507512
0.78 0.717367 0.707395 0.507512
0.79 0.724299 0.700291 0.507508
0.8 0.731157 0.693117 0.507501
0.81 0.737943 0.685874 0.507492
0.82 0.744655 0.678563 0.507479
0.83 0.751292 0.671183 0.507464
0.84 0.757854 0.663737 0.507445
0.85 0.764341 0.656224 0.507423
0.86 0.770751 0.648645 0.507399
0.87 0.777084 0.641002 0.507371
0.88 0.783339 0.633295 0.507341
0.89 0.789516 0.625524 0.507308
0.9 0.795614 0.61769 0.507271
0.91 0.801632 0.609795 0.507232
0.92 0.807571 0.601839 0.50719
0.93 0.813428 0.593823 0.507145
0.94 0.819204 0.585747 0.507097
0.95 0.824898 0.577613 0.507047
0.96 0.83051 0.569421 0.506993
0.97 0.836039 0.561172 0.506937
0.98 0.841484 0.552867 0.506878
0.99 0.846845 0.544506 0.506816
1 0.852121 0.536091 0.506752
1.01 0.857312 0.527623 0.506685
1.02 0.862417 0.519102 0.506615
1.03 0.867436 0.510529 0.506543
1.04 0.872369 0.501904 0.506467
1.05 0.877214 0.49323 0.50639
1.06 0.881971 0.484506 0.50631
1.07 0.88664 0.475734 0.506227
1.08 0.891221 0.466915 0.506142
1.09 0.895712 0.458048 0.506054
1.1 0.900114 0.449136 0.505964
1.11 0.904426 0.440179 0.505871
1.12 0.908647 0.431178 0.505777
1.13 0.912777 0.422133 0.50568
1.14 0.916816 0.413047 0.50558
1.15 0.920764 0.403919 0.505479
1.16 0.924619 0.394751 0.505375
1.17 0.928382 0.385543 0.505269
1.18 0.932053 0.376297 0.505161
1.19 0.935629 0.367013 0.505051
1.2 0.939113 0.357693 0.504939
1.21 0.942502 0.348337 0.504824
1.22 0.945798 0.338945 0.504708
1.23 0.948998 0.32952 0.504591
1.24 0.952104 0.320062 0.504471
1.25 0.955114 0.310572 0.504349
1.26 0.958029 0.301051 0.504226
1.27 0.960849 0.2915 0.504101
1.28 0.963572 0.28192 0.503975
1.29 0.966198 0.272311 0.503846
1.3 0.968729 0.262676 0.503717
1.31 0.971162 0.253014 0.503586
1.32 0.973498 0.243326 0.503453
1.33 0.975737 0.233615 0.503319
1.34 0.977878 0.22388 0.503184
1.35 0.979921 0.214123 0.503047
1.36 0.981867 0.204344 0.502909
1.37 0.983714 0.194545 0.502771
1.38 0.985463 0.184726 0.502631
1.39 0.987113 0.174889 0.502489
1.4 0.988665 0.165034 0.502347
1.41 0.990118 0.155163 0.502204
1.42 0.991472 0.145276 0.50206
1.43 0.992726 0.135375 0.501916
1.44 0.993881 0.12546 0.50177
1.45 0.994937 0.115533 0.501624
1.46 0.995894 0.105594 0.501477
1.47 0.996751 0.095645 0.50133
1.48 0.997508 0.085686 0.501182
1.49 0.998165 0.0757185 0.501034
1.5 0.998723 0.0657434 0.500885
1.51 0.999181 0.0557618 0.500736
1.52 0.999539 0.0457745 0.500586
1.53 0.999796 0.0357827 0.500437
1.54 0.999954 0.0257874 0.500287
1.55 1.00001 0.0157894 0.500137
1.56 0.99997 0.00578985 0.499987
1.57 0.999828 -0.00421028 0.499837
1.58 0.999586 -0.01421 0.499687
1.59 0.999244 -0.0242083 0.499537
1.6 0.998802 -0.0342041 0.499388
1.61 0.99826 -0.0441966 0.499238
1.62 0.997618 -0.0541846 0.499089
1.63 0.996877 -0.0641672 0.498941
1.64 0.996036 -0.0741434 0.498792
1.65 0.995095 -0.0841121 0.498645
1.66 0.994055 -0.0940725 0.498497
1.67 0.992915 -0.104023 0.498351
1.68 0.991676 -0.113964 0.498205
1.69 0.990338 -0.123893 0.49806
1.7 0.988901 -0.13381 0.497915
1.71 0.987365 -0.143713 0.497772
1.72 0.98573 -0.153602 0.497629
1.73 0.983997 -0.163476 0.497487
1.74 0.982165 -0.173333 0.497346
1.75 0.980235 -0.183173 0.497207
1.76 0.978207 -0.192995 0.497068
1.77 0.976082 -0.202797 0.496931
1.78 0.973858 -0.212579 0.496795
1.79 0.971537 -0.22234 0.49666
1.8 0.969119 -0.232079 0.496526
1.81 0.966605 -0.241794 0.496394
1.82 0.963993 -0.251485 0.496264
1.83 0.961285 -0.261151 0.496135
1.84 0.958481 -0.270791 0.496007
1.85 0.955581 -0.280404 0.495881
1.86 0.952586 -0.289989 0.495757
1.87 0.949495 -0.299545 0.495634
1.88 0.946309 -0.309071 0.495513
1.89 0.943029 -0.318566 0.495394
1.9 0.939654 -0.328029 0.495277
1.91 0.936186 -0.337459 0.495161
1.92 0.932624 -0.346855 0.495048
1.93 0.928968 -0.356217 0.494936
1.94 0.92522 -0.365544 0.494827
1.95 0.921379 -0.374833 0.49472
1.96 0.917446 -0.384085 0.494615
1.97 0.913421 -0.393299 0.494511
1.98 0.909305 -0.402474 0.494411
1.99 0.905098 -0.411608 0.494312
2 0.900801 -0.420701 0.494216
2.01 0.896413 -0.429752 0.494122
2.02 0.891936 -0.43876 0.49403
2.03 0.88737 -0.447724 0.493941
2.04 0.882714 -0.456643 0.493854
2.05 0.877971 -0.465517 0.49377
2.06 0.87314 -0.474344 0.493688
2.07 0.868221 -0.483124 0.493608
2.08 0.863216 -0.491855 0.493532
2.09 0.858124 -0.500538 0.493457
2.1 0.852947 -0.50917 0.493386
2.11 0.847684 -0.517751 0.493317
2.12 0.842336 -0.52628 0.493251
2.13 0.836904 -0.534757 0.493187
2.14 0.831389 -0.543181 0.493126
2.15 0.82579 -0.55155 0.493068
2.16 0.820109 -0.559864 0.493013
2.17 0.814346 -0.568121 0.492961
2.18 0.808501 -0.576323 0.492911
2.19 0.802576 -0.584466 0.492864
2.2 0.79657 -0.592551 0.49282
2.21 0.790484 -0.600577 0.492779
2.22 0.78432 -0.608542 0.492741
2.23 0.778077 -0.616447 0.492706
2.24 0.771756 -0.624291 0.492673
2.25 0.765358 -0.632071 0.492644
2.26 0.758884 -0.639789 0.492617
2.27 0.752334 -0.647442 0.492594
2.28 0.745708 -0.655031 0.492573
2.29 0.739008 -0.662555 0.492556
2.3 0.732234 -0.670012 0.492541
2.31 0.725387 -0.677402 0.49253
2.32 0.718467 -0.684724 0.492521
2.33 0.711475 -0.691978 0.492515
2.34 0.704413 -0.699163 0.492513
2.35 0.697279 -0.706277 0.492513
2.36 0.690076 -0.713322 0.492517
2.37 0.682804 -0.720294 0.492523
2.38 0.675464 -0.727195 0.492532
2.39 0.668056 -0.734023 0.492545
2.4 0.660582 -0.740778 0.49256
2.41 0.653041 -0.747458 0.492578
2.42 0.645435 -0.754064 0.4926
2.43 0.637765 -0.760595 0.492624
2.44 0.630031 -0.767049 0.492651
2.45 0.622233 -0.773427 0.492681
2.46 0.614374 -0.779727 0.492715
2.47 0.606453 -0.785949 0.492751
2.48 0.598471 -0.792093 0.49279
2.49 0.59043 -0.798157 0.492831
2.5 0.582329 -0.804142 0.492876
2.51 0.574171 -0.810047 0.492924
2.52 0.565955 -0.81587 0.492974
2.53 0.557682 -0.821612 0.493027
2.54 0.549353 -0.827271 0.493083
2.55 0.54097 -0.832848 0.493142
2.56 0.532532 -0.838341 0.493204
2.57 0.524042 -0.843751 0.493268
2.58 0.515499 -0.849076 0.493335
2.59 0.506904 -0.854317 0.493404
2.6 0.498258 -0.859472 0.493477
2.61 0.489563 -0.864541 0.493552
2.62 0.480819 -0.869523 0.493629
2.63 0.472027 -0.874419 0.493709
2.64 0.463187 -0.879227 0.493792
2.65 0.454301 -0.883948 0.493877
2.66 0.44537 -0.888579 0.493964
2.67 0.436394 -0.893122 0.494054
2.68 0.427375 -0.897576 0.494146
2.69 0.418313 -0.90194 0.494241
2.7 0.409209 -0.906214 0.494338
2.71 0.400064 -0.910397 0.494437
2.72 0.390879 -0.914489 0.494538
2.73 0.381655 -0.91849 0.494642
2.74 0.372393 -0.922398 0.494748
2.75 0.363094 -0.926215 0.494856
2.76 0.353758 -0.929939 0.494966
2.77 0.344387 -0.93357 0.495078
2.78 0.334981 -0.937107 0.495191
2.79 0.325542 -0.940551 0.495307
2.8 0.316071 -0.943901 0.495425
2.81 0.306568 -0.947157 0.495545
2.82 0.297034 -0.950317 0.495666
2.83 0.28747 -0.953383 0.495789
2.84 0.277878 -0.956353 0.495914
2.85 0.268258 -0.959228 0.49604
2.86 0.258611 -0.962007 0.496168
2.87 0.248938 -0.964689 0.496298
2.88 0.239241 -0.967275 0.496429
2.89 0.229519 -0.969765 0.496561
2.9 0.219774 -0.972157 0.496695
2.91 0.210008 -0.974452 0.49683
2.92 0.20022 -0.97665 0.496967
2.93 0.190413 -0.97875 0.497105
2.94 0.180586 -0.980752 0.497243
2.95 0.170742 -0.982657 0.497383
2.96 0.16088 -0.984462 0.497524
2.97 0.151002 -0.98617 0.497666
2.98 0.141109 -0.987779 0.497809
2.99 0.131202 -0.989289 0.497953
3 0.121282 -0.9907 0.498098
3.01 0.11135 -0.992012 0.498243
3.02 0.101407 -0.993225 0.498389
3.03 0.0914531 -0.994338 0.498536
3.04 0.0814905 -0.995352 0.498683
3.05 0.0715196 -0.996267 0.498831
3.06 0.0615417 -0.997082 0.49898
3.07 0.0515576 -0.997797 0.499128
3.08 0.0415683 -0.998412 0.499277
3.09 0.0315748 -0.998928 0.499427
3.1 0.0215782 -0.999344 0.499577
3.11 0.0115795 -0.999659 0.499726
3.12 0.00157959 -0.999875 0.499876
3.13 -0.00842048 -0.999991 0.500026
3.14 -0.0184197 -1.00001 0.500176
3.15 -0.0284171 -0.999922 0.500326
3.16 -0.0384116 -0.999738 0.500476
3.17 -0.0484023 -0.999454 0.500626
3.18 -0.0583882 -0.99907 0.500775
3.19 -0.0683682 -0.998586 0.500924
3.2 -0.0783414 -0.998002 0.501073
3.21 -0.0883067 -0.997318 0.501221
3.22 -0.0982633 -0.996535 0.501369
3.23 -0.10821 -0.995652 0.501516
3.24 -0.118146 -0.994669 0.501663
3.25 -0.12807 -0.993587 0.501809
3.26 -0.137981 -0.992406 0.501954
3.27 -0.147879 -0.991125 0.502098
3.28 -0.157761 -0.989745 0.502242
3.29 -0.167628 -0.988266 0.502385
3.3 -0.177478 -0.986689 0.502527
3.31 -0.187311 -0.985013 0.502667
3.32 -0.197124 -0.983238 0.502807
3.33 -0.206918 -0.981365 0.502946
3.34 -0.216691 -0.979393 0.503083
3.35 -0.226443 -0.977324 0.50322
3.36 -0.236172 -0.975157 0.503354
3.37 -0.245877 -0.972893 0.503488
3.38 -0.255558 -0.970531 0.50362
3.39 -0.265213 -0.968072 0.503751
3.4 -0.274842 -0.965517 0.50388
3.41 -0.284443 -0.962865 0.504008
3.42 -0.294016 -0.960116 0.504134
3.43 -0.303559 -0.957272 0.504259
3.44 -0.313072 -0.954332 0.504381
3.45 -0.322554 -0.951296 0.504503
3.46 -0.332003 -0.948165 0.504622
3.47 -0.341419 -0.94494 0.504739
3.48 -0.350801 -0.94162 0.504855
3.49 -0.360148 -0.938206 0.504968
3.5 -0.369459 -0.934698 0.50508
3.51 -0.378733 -0.931096 0.505189
3.52 -0.387969 -0.927401 0.505297
3.53 -0.397167 -0.923614 0.505402
3.54 -0.406324 -0.919734 0.505505
3.55 -0.415441 -0.915763 0.505607
3.56 -0.424517 -0.9117 0.505705
3.57 -0.43355 -0.907545 0.505802
3.58 -0.442539 -0.9033 0.505896
3.59 -0.451485 -0.898964 0.505988
3.6 -0.460385 -0.894539 0.506077
3.61 -0.469239 -0.890024 0.506164
3.62 -0.478047 -0.88542 0.506249
3.63 -0.486806 -0.880728 0.506331
3.64 -0.495517 -0.875948 0.50641
3.65 -0.504178 -0.871079 0.506487
3.66 -0.512789 -0.866124 0.506562
3.67 -0.521348 -0.861083 0.506634
3.68 -0.529856 -0.855955 0.506703
3.69 -0.53831 -0.850741 0.506769
3.7 -0.546711 -0.845443 0.506833
3.71 -0.555057 -0.840059 0.506894
3.72 -0.563347 -0.834592 0.506952
3.73 -0.571581 -0.829042 0.507008
3.74 -0.579758 -0.823408 0.50706
3.75 -0.587877 -0.817693 0.50711
3.76 -0.595937 -0.811895 0.507157
3.77 -0.603938 -0.806016 0.507202
3.78 -0.611878 -0.800057 0.507243
3.79 -0.619757 -0.794017 0.507281
3.8 -0.627574 -0.787899 0.507317
3.81 -0.635328 -0.781701 0.507349
3.82 -0.643019 -0.775425 0.507379
3.83 -0.650645 -0.769072 0.507406
3.84 -0.658207 -0.762642 0.507429
3.85 -0.665702 -0.756135 0.50745
3.86 -0.673131 -0.749553 0.507468
3.87 -0.680493 -0.742896 0.507483
3.88 -0.687787 -0.736165 0.507495
3.89 -0.695011 -0.72936 0.507503
3.9 -0.702167 -0.722482 0.507509
3.91 -0.709252 -0.715532 0.507512
3.92 -0.716266 -0.70851 0.507512
3.93 -0.723209 -0.701418 0.507509
3.94 -0.730079 -0.694255 0.507503
3.95 -0.736876 -0.687023 0.507494
3.96 -0.7436 -0.679722 0.507481
3.97 -0.750249 -0.672354 0.507466
3.98 -0.756823 -0.664918 0.507448
3.99 -0.763321 -0.657415 0.507427
4 -0.769743 -0.649847 0.507403
4.01 -0.776089 -0.642214 0.507376
4.02 -0.782356 -0.634516 0.507346
4.03 -0.788545 -0.626755 0.507313
4.04 -0.794656 -0.618932 0.507277
4.05 -0.800687 -0.611046 0.507239
4.06 -0.806638 -0.6031 0.507197
4.07 -0.812508 -0.595093 0.507153
4.08 -0.818297 -0.587027 0.507105
4.09 -0.824004 -0.578901 0.507055
4.1 -0.829629 -0.570718 0.507002
4.11 -0.835171 -0.562478 0.506946
4.12 -0.840629 -0.554182 0.506888
4.13 -0.846003 -0.54583 0.506826
4.14 -0.851293 -0.537424 0.506762
4.15 -0.856498 -0.528964 0.506696
4.16 -0.861617 -0.520451 0.506626
4.17 -0.866649 -0.511886 0.506554
4.18 -0.871595 -0.50327 0.50648
4.19 -0.876454 -0.494604 0.506402
4.2 -0.881225 -0.485888 0.506322
4.21 -0.885908 -0.477123 0.50624
4.22 -0.890503 -0.468311 0.506155
4.23 -0.895008 -0.459452 0.506068
4.24 -0.899424 -0.450547 0.505978
4.25 -0.90375 -0.441597 0.505886
4.26 -0.907986 -0.432602 0.505792
4.27 -0.912131 -0.423565 0.505695
4.28 -0.916185 -0.414485 0.505596
4.29 -0.920147 -0.405364 0.505495
4.3 -0.924017 -0.396202 0.505391
4.31 -0.927794 -0.387 0.505286
4.32 -0.931479 -0.37776 0.505178
4.33 -0.935071 -0.368482 0.505068
4.34 -0.938569 -0.359167 0.504956
4.35 -0.941973 -0.349817 0.504843
4.36 -0.945283 -0.340431 0.504727
4.37 -0.948499 -0.331011 0.504609
4.38 -0.95162 -0.321559 0.50449
4.39 -0.954645 -0.312074 0.504369
4.4 -0.957575 -0.302557 0.504246
4.41 -0.96041 -0.293011 0.504121
4.42 -0.963148 -0.283435 0.503995
4.43 -0.96579 -0.273831 0.503867
4.44 -0.968335 -0.2642 0.503737
4.45 -0.970784 -0.254542 0.503606
4.46 -0.973135 -0.244858 0.503474
4.47 -0.97539 -0.23515 0.50334
4.48 -0.977546 -0.225419 0.503205
4.49 -0.979605 -0.215665 0.503069
4.5 -0.981566 -0.20589 0.502931
4.51 -0.983429 -0.196094 0.502793
4.52 -0.985193 -0.186278 0.502653
4.53 -0.986859 -0.176444 0.502512
4.54 -0.988426 -0.166592 0.50237
4.55 -0.989895 -0.156723 0.502227
4.56 -0.991264 -0.146839 0.502083
4.57 -0.992535 -0.13694 0.501939
4.58 -0.993706 -0.127027 0.501793
4.59 -0.994777 -0.117102 0.501647
4.6 -0.995749 -0.107165 0.501501
4.61 -0.996622 -0.0972172 0.501353
4.62 -0.997395 -0.0872597 0.501205
4.63 -0.998068 -0.0772935 0.501057
4.64 -0.998642 -0.0673195 0.500908
4.65 -0.999115 -0.0573388 0.500759
4.66 -0.999489 -0.0473524 0.50061
4.67 -0.999762 -0.0373613 0.50046
4.68 -0.999936 -0.0273664 0.50031
4.69 -1.00001 -0.0173688 0.500161
4.7 -0.999983 -0.0073694 0.500011
4.71 -0.999857 0.0026307 0.499861
4.72 -0.999631 0.0126305 0.499711
4.73 -0.999305 0.0226291 0.499561
4.74 -0.998878 0.0326254 0.499411
4.75 -0.998352 0.0426185 0.499262
4.76 -0.997726 0.0526072 0.499113
4.77 -0.997001 0.0625908 0.498964
4.78 -0.996175 0.072568 0.498816
4.79 -0.99525 0.082538 0.498668
4.8 -0.994226 0.0924998 0.498521
4.81 -0.993102 0.102452 0.498374
4.82 -0.991879 0.112395 0.498228
4.83 -0.990556 0.122326 0.498083
4.84 -0.989135 0.132244 0.497938
4.85 -0.987614 0.14215 0.497794
4.86 -0.985995 0.152041 0.497651
4.87 -0.984277 0.161917 0.49751
4.88 -0.982461 0.171777 0.497369
4.89 -0.980547 0.18162 0.497229
4.9 -0.978534 0.191445 0.49709
4.91 -0.976424 0.20125 0.496953
4.92 -0.974216 0.211036 0.496816
4.93 -0.97191 0.2208 0.496681
4.94 -0.969508 0.230542 0.496547
4.95 -0.967008 0.240261 0.496415
4.96 -0.964412 0.249956 0.496284
4.97 -0.961719 0.259626 0.496155
4.98 -0.95893 0.26927 0.496027
4.99 -0.956046 0.278888 0.495901
5 -0.953065 0.288477 0.495776
5.01 -0.94999 0.298037 0.495653
5.02 -0.946819 0.307568 0.495532
5.03 -0.943553 0.317068 0.495413
5.04 -0.940194 0.326536 0.495295
5.05 -0.93674 0.335972 0.495179
5.06 -0.933193 0.345373 0.495066
5.07 -0.929552 0.354741 0.494954
5.08 -0.925818 0.364073 0.494844
5.09 -0.921992 0.373368 0.494737
5.1 -0.918073 0.382627 0.494631
5.11 -0.914063 0.391846 0.494528
5.12 -0.909962 0.401027 0.494426
5.13 -0.905769 0.410168 0.494327
5.14 -0.901486 0.419267 0.494231
5.15 -0.897112 0.428325 0.494136
5.16 -0.892649 0.43734 0.494044
5.17 -0.888097 0.446311 0.493955
5.18 -0.883456 0.455238 0.493867
5.19 -0.878726 0.464119 0.493783
5.2 -0.873909 0.472953 0.4937
5.21 -0.869004 0.48174 0.493621
5.22 -0.864012 0.490479 0.493544
5.23 -0.858934 0.499169 0.493469
5.24 -0.85377 0.50781 0.493397
5.25 -0.848521 0.516399 0.493328
5.26 -0.843186 0.524937 0.493261
5.27 -0.837768 0.533422 0.493197
5.28 -0.832266 0.541854 0.493136
5.29 -0.82668 0.550231 0.493077
5.3 -0.821012 0.558554 0.493022
5.31 -0.815262 0.566821 0.492969
5.32 -0.80943 0.575031 0.492919
5.33 -0.803517 0.583184 0.492871
5.34 -0.797524 0.591278 0.492827
5.35 -0.791451 0.599313 0.492785
5.36 -0.785299 0.607288 0.492747
5.37 -0.779068 0.615203 0.492711
5.38 -0.77276 0.623056 0.492678
5.39 -0.766374 0.630846 0.492648
5.4 -0.759912 0.638574 0.492621
5.41 -0.753373 0.646238 0.492597
5.42 -0.74676 0.653837 0.492576
5.43 -0.740071 0.661371 0.492558
5.44 -0.733309 0.668838 0.492543
5.45 -0.726473 0.676239 0.492531
5.46 -0.719565 0.683572 0.492522
5.47 -0.712584 0.690837 0.492516
5.48 -0.705533 0.698032 0.492513
5.49 -0.698411 0.705158 0.492513
5.5 -0.691219 0.712214 0.492516
5.51 -0.683958 0.719198 0.492522
5.52 -0.676628 0.72611 0.492531
5.53 -0.669231 0.732949 0.492543
5.54 -0.661767 0.739716 0.492557
5.55 -0.654237 0.746408 0.492575
5.56 -0.646641 0.753026 0.492596
5.57 -0.638981 0.759568 0.49262
5.58 -0.631256 0.766035 0.492647
5.59 -0.623469 0.772424 0.492677
5.6 -0.615619 0.778737 0.492709
5.61 -0.607708 0.784972 0.492745
5.62 -0.599736 0.791128 0.492783
5.63 -0.591704 0.797205 0.492825
5.64 -0.583613 0.803202 0.492869
5.65 -0.575463 0.809119 0.492916
5.66 -0.567256 0.814955 0.492966
5.67 -0.558992 0.82071 0.493019
5.68 -0.550673 0.826383 0.493074
5.69 -0.542298 0.831973 0.493133
5.7 -0.533869 0.837479 0.493194
5.71 -0.525386 0.842902 0.493257
5.72 -0.516851 0.848241 0.493324
5.73 -0.508265 0.853495 0.493393
5.74 -0.499627 0.858663 0.493465
5.75 -0.49094 0.863746 0.49354
5.76 -0.482203 0.868742 0.493617
5.77 -0.473419 0.873652 0.493696
5.78 -0.464587 0.878474 0.493778
5.79 -0.455708 0.883208 0.493863
5.8 -0.446784 0.887854 0.49395
5.81 -0.437815 0.892411 0.49404
5.82 -0.428803 0.896879 0.494131
5.83 -0.419747 0.901257 0.494226
5.84 -0.41065 0.905545 0.494322
5.85 -0.401511 0.909742 0.494421
5.86 -0.392333 0.913849 0.494522
5.87 -0.383115 0.917864 0.494625
5.88 -0.373859 0.921787 0.494731
5.89 -0.364565 0.925618 0.494838
5.9 -0.355235 0.929357 0.494948
5.91 -0.345869 0.933003 0.49506
5.92 -0.336469 0.936555 0.495173
5.93 -0.327035 0.940014 0.495289
5.94 -0.317569 0.943378 0.495406
5.95 -0.308071 0.946649 0.495526
5.96 -0.298542 0.949824 0.495647
5.97 -0.288983 0.952905 0.49577
5.98 -0.279395 0.95589 0.495894
5.99 -0.269779 0.95878 0.49602
6 -0.260137 0.961574 0.496148
6.01 -0.250468 0.964272 0.496277
6.02 -0.240774 0.966873 0.496408
6.03 -0.231056 0.969378 0.49654
6.04 -0.221315 0.971786 0.496674
6.05 -0.211552 0.974096 0.496809
6.06 -0.201768 0.97631 0.496945
6.07 -0.191963 0.978425 0.497083
6.08 -0.18214 0.980443 0.497221
6.09 -0.172298 0.982362 0.497361
6.1 -0.162439 0.984184 0.497502
6.11 -0.152564 0.985907 0.497644
6.12 -0.142673 0.987531 0.497787
6.13 -0.132768 0.989057 0.49793
6.14 -0.12285 0.990484 0.498075
6.15 -0.11292 0.991811 0.49822
6.16 -0.102978 0.99304 0.498366
6.17 -0.093026 0.994169 0.498513
6.18 -0.0830647 0.995199 0.49866
6.19 -0.0730951 0.996129 0.498808
6.2 -0.0631182 0.99696 0.498956
6.21 -0.053135 0.997691 0.499105
6.22 -0.0431464 0.998322 0.499254
6.23 -0.0331536 0.998853 0.499403
6.24 -0.0231574 0.999285 0.499553
6.25 -0.013159 0.999616 0.499703
6.26 -0.00315917 0.999848 0.499853
6.27 0.00684093 0.999979 0.500003
6.28 0.0168404 1.00001 0.500153
6.29 0.0268381 0.999942 0.500303
6.3 0.0368332 0.999774 0.500452
6.31 0.0468245 0.999506 0.500602
6.32 0.0568112 0.999137 0.500751
6.33 0.0667922 0.998669 0.500901
6.34 0.0767666 0.998101 0.501049
6.35 0.0867332 0.997433 0.501198
6.36 0.0966912 0.996665 0.501345
6.37 0.10664 0.995798 0.501493
6.38 0.116577 0.994831 0.50164
6.39 0.126503 0.993765 0.501786
6.4 0.136416 0.992599 0.501931
6.41 0.146316 0.991334 0.502076
6.42 0.156201 0.98997 0.502219
6.43 0.166071 0.988507 0.502362
6.44 0.175924 0.986945 0.502504
6.45 0.185759 0.985284 0.502645
6.46 0.195575 0.983525 0.502785
6.47 0.205373 0.981667 0.502924
6.48 0.215149 0.979711 0.503062
6.49 0.224904 0.977658 0.503198
6.5 0.234637 0.975506 0.503333
6.51 0.244346 0.973257 0.503467
6.52 0.254031 0.970911 0.503599
6.53 0.26369 0.968467 0.503731
6.54 0.273323 0.965927 0.50386
6.55 0.282928 0.96329 0.503988
6.56 0.292506 0.960557 0.504114
6.57 0.302054 0.957727 0.504239
6.58 0.311571 0.954802 0.504362
6.59 0.321058 0.951782 0.504484
6.6 0.330513 0.948666 0.504603
6.61 0.339934 0.945456 0.504721
6.62 0.349322 0.94215 0.504837
6.63 0.358674 0.938751 0.50495
6.64 0.367991 0.935258 0.505062
6.65 0.377271 0.931671 0.505172
6.66 0.386513 0.927991 0.50528
6.67 0.395717 0.924219 0.505386
6.68 0.404881 0.920353 0.505489
6.69 0.414004 0.916396 0.505591
6.7 0.423086 0.912347 0.50569
6.71 0.432126 0.908207 0.505787
6.72 0.441122 0.903977 0.505881
6.73 0.450075 0.899655 0.505973
6.74 0.458982 0.895244 0.506063
6.75 0.467844 0.890743 0.506151
6.76 0.476659 0.886153 0.506236
6.77 0.485426 0.881475 0.506318
6.78 0.494144 0.876708 0.506398
6.79 0.502813 0.871854 0.506475
6.8 0.511432 0.866913 0.50655
6.81 0.52 0.861885 0.506622
6.82 0.528516 0.85677 0.506692
6.83 0.536978 0.85157 0.506759
6.84 0.545388 0.846285 0.506823
6.85 0.553742 0.840915 0.506885
6.86 0.562041 0.835462 0.506943
6.87 0.570284 0.829924 0.506999
6.88 0.57847 0.824304 0.507052
6.89 0.586599 0.818601 0.507103
6.9 0.594668 0.812816 0.50715
6.91 0.602678 0.80695 0.507195
6.92 0.610628 0.801003 0.507236
6.93 0.618517 0.794977 0.507275
6.94 0.626343 0.78887 0.507311
6.95 0.634108 0.782685 0.507344
6.96 0.641808 0.776422 0.507374
6.97 0.649445 0.770081 0.507402
6.98 0.657017 0.763663 0.507426
6.99 0.664523 0.757168 0.507447
7 0.671962 0.750598 0.507465
7.01 0.679335 0.743953 0.507481
7.02 0.686639 0.737233 0.507493
7.03 0.693875 0.73044 0.507502
7.04 0.701041 0.723573 0.507509
7.05 0.708137 0.716635 0.507512
7.06 0.715163 0.709624 0.507512
7.07 0.722117 0.702543 0.50751
7.08 0.728998 0.695391 0.507504
7.09 0.735807 0.68817 0.507495
7.1 0.742542 0.68088 0.507483
7.11 0.749203 0.673522 0.507469
7.12 0.755789 0.666097 0.507451
7.13 0.7623 0.658605 0.507431
7.14 0.768734 0.651047 0.507407
7.15 0.775092 0.643424 0.50738
7.16 0.781371 0.635736 0.507351
7.17 0.787573 0.627985 0.507319
7.18 0.793696 0.620172 0.507283
7.19 0.79974 0.612296 0.507245
7.2 0.805703 0.604359 0.507204
7.21 0.811586 0.596362 0.50716
7.22 0.817388 0.588305 0.507113
7.23 0.823108 0.580189 0.507063
7.24 0.828746 0.572015 0.507011
7.25 0.834301 0.563784 0.506955
7.26 0.839773 0.555496 0.506897
7.27 0.84516 0.547153 0.506836
7.28 0.850463 0.538756 0.506773
7.29 0.855681 0.530304 0.506706
7.3 0.860814 0.521799 0.506637
7.31 0.86586 0.513243 0.506566
7.32 0.87082 0.504634 0.506491
7.33 0.875692 0.495976 0.506415
7.34 0.880478 0.487268 0.506335
7.35 0.885175 0.478511 0.506253
7.36 0.889783 0.469706 0.506169
7.37 0.894303 0.460854 0.506082
7.38 0.898733 0.451956 0.505993
7.39 0.903073 0.443013 0.505901
7.4 0.907323 0.434026 0.505807
7.41 0.911482 0.424995 0.50571
7.42 0.91555 0.415922 0.505612
7.43 0.919527 0.406807 0.505511
7.44 0.923411 0.397652 0.505408
7.45 0.927204 0.388456 0.505302
7.46 0.930903 0.379222 0.505195
7.47 0.93451 0.36995 0.505086
7.48 0.938023 0.360641 0.504974
7.49 0.941442 0.351296 0.504861
7.5 0.944767 0.341916 0.504745
7.51 0.947997 0.332501 0.504628
7.52 0.951133 0.323054 0.504509
7.53 0.954174 0.313574 0.504388
7.54 0.957119 0.304063 0.504265
7.55 0.959968 0.294521 0.504141
7.56 0.962722 0.28495 0.504015
7.57 0.965379 0.27535 0.503887
7.58 0.96794 0.265723 0.503758
7.59 0.970404 0.256069 0.503627
7.6 0.97277 0.246389 0.503495
7.61 0.97504 0.236685 0.503362
7.62 0.977212 0.226958 0.503227
7.63 0.979286 0.217207 0.503091
7.64 0.981263 0.207435 0.502953
7.65 0.983141 0.197642 0.502815
7.66 0.984921 0.18783 0.502675
7.67 0.986603 0.177998 0.502534
7.68 0.988186 0.168149 0.502392
7.69 0.98967 0.158283 0.50225
7.7 0.991055 0.148401 0.502106
7.71 0.992341 0.138505 0.501962
7.72 0.993527 0.128594 0.501816
7.73 0.994615 0.118671 0.50167
7.74 0.995602 0.108735 0.501524
7.75 0.996491 0.0987892 0.501377
7.76 0.997279 0.0888331 0.501229
7.77 0.997968 0.0788682 0.501081
7.78 0.998558 0.0688954 0.500932
7.79 0.999047 0.0589158 0.500783
7.8 0.999436 0.0489302 0.500634
7.81 0.999726 0.0389397 0.500484
7.82 0.999915 0.0289453 0.500334
7.83 1 0.0189481 0.500184
7.84 0.999994 0.00894894 0.500034
7.85 0.999884 -0.00105111 0.499884
7.86 0.999673 -0.0110511 0.499734
7.87 0.999363 -0.0210499 0.499584
7.88 0.998952 -0.0310466 0.499435
7.89 0.998442 -0.0410402 0.499285
7.9 0.997832 -0.0510298 0.499136
7.91 0.997122 -0.0610142 0.498987
7.92 0.996312 -0.0709925 0.498839
7.93 0.995403 -0.0809637 0.498691
7.94 0.994394 -0.0909269 0.498544
7.95 0.993286 -0.100881 0.498397
7.96 0.992078 -0.110825 0.498251
7.97 0.990772 -0.120758 0.498105
7.98 0.989366 -0.130678 0.497961
7.99 0.987861 -0.140586 0.497817
8 0.986257 -0.15048 0.497674
8.01 0.984555 -0.160358 0.497532
8.02 0.982755 -0.170221 0.497391
8.03 0.980856 -0.180067 0.497251
8.04 0.978859 -0.189894 0.497112
8.05 0.976764 -0.199703 0.496974
8.06 0.974571 -0.209491 0.496838
8.07 0.972281 -0.219259 0.496702
8.08 0.969894 -0.229005 0.496568
8.09 0.967409 -0.238727 0.496436
8.1 0.964828 -0.248426 0.496305
8.11 0.962151 -0.2581 0.496175
8.12 0.959377 -0.267749 0.496047
8.13 0.956508 -0.27737 0.495921
8.14 0.953542 -0.286964 0.495796
8.15 0.950482 -0.296529 0.495672
8.16 0.947326 -0.306065 0.495551
8.17 0.944076 -0.315569 0.495431
8.18 0.940731 -0.325043 0.495313
8.19 0.937292 -0.334483 0.495198
8.2 0.933759 -0.343891 0.495083
8.21 0.930133 -0.353264 0.494971
8.22 0.926414 -0.362601 0.494861
8.23 0.922602 -0.371902 0.494753
8.24 0.918699 -0.381167 0.494648
8.25 0.914703 -0.390393 0.494544
8.26 0.910615 -0.39958 0.494442
8.27 0.906437 -0.408727 0.494343
8.28 0.902168 -0.417833 0.494246
8.29 0.897809 -0.426897 0.494151
8.3 0.89336 -0.435919 0.494059
8.31 0.888822 -0.444897 0.493969
8.32 0.884195 -0.453831 0.493881
8.33 0.879479 -0.462719 0.493796
8.34 0.874675 -0.471561 0.493713
8.35 0.869784 -0.480356 0.493633
8.36 0.864806 -0.489102 0.493556
8.37 0.859742 -0.4978 0.493481
8.38 0.854591 -0.506448 0.493408
8.39 0.849355 -0.515046 0.493338
8.4 0.844035 -0.523592 0.493271
8.41 0.838629 -0.532085 0.493207
8.42 0.83314 -0.540525 0.493145
8.43 0.827568 -0.548912 0.493086
8.44 0.821913 -0.557243 0.49303
8.45 0.816175 -0.565519 0.492977
8.46 0.810356 -0.573738 0.492926
8.47 0.804456 -0.5819 0.492879
8.48 0.798476 -0.590003 0.492834
8.49 0.792415 -0.598048 0.492792
8.5 0.786276 -0.606033 0.492753
8.51 0.780058 -0.613957 0.492716
8.52 0.773761 -0.621819 0.492683
8.53 0.767388 -0.62962 0.492653
8.54 0.760938 -0.637358 0.492625
8.55 0.754411 -0.645032 0.492601
8.56 0.747809 -0.652641 0.492579
8.57 0.741133 -0.660185 0.492561
8.58 0.734382 -0.667663 0.492545
8.59 0.727558 -0.675074 0.492533
8.6 0.720661 -0.682418 0.492523
8.61 0.713692 -0.689694 0.492517
8.62 0.706651 -0.6969 0.492513
8.63 0.69954 -0.704037 0.492513
8.64 0.692359 -0.711104 0.492515
8.65 0.685109 -0.718099 0.492521
8.66 0.67779 -0.725023 0.492529
8.67 0.670404 -0.731874 0.49254
8.68 0.66295 -0.738652 0.492555
8.69 0.655431 -0.745356 0.492572
8.7 0.647845 -0.751985 0.492593
8.71 0.640195 -0.75854 0.492616
8.72 0.632481 -0.765018 0.492642
8.73 0.624703 -0.77142 0.492672
8.74 0.616863 -0.777745 0.492704
8.75 0.608962 -0.783992 0.492739
8.76 0.600999 -0.790161 0.492777
8.77 0.592977 -0.79625 0.492818
8.78 0.584895 -0.80226 0.492862
8.79 0.576754 -0.80819 0.492908
8.8 0.568556 -0.814039 0.492958
8.81 0.560301 -0.819806 0.49301
8.82 0.55199 -0.825492 0.493065
8.83 0.543624 -0.831095 0.493123
8.84 0.535204 -0.836615 0.493184
8.85 0.52673 -0.842051 0.493247
8.86 0.518203 -0.847403 0.493313
8.87 0.509625 -0.852671 0.493382
8.88 0.500995 -0.857853 0.493454
8.89 0.492315 -0.862949 0.493528
8.9 0.483587 -0.867959 0.493604
8.91 0.474809 -0.872882 0.493683
8.92 0.465985 -0.877718 0.493765
8.93 0.457114 -0.882466 0.493849
8.94 0.448197 -0.887126 0.493936
8.95 0.439235 -0.891697 0.494025
8.96 0.430229 -0.896179 0.494117
8.97 0.42118 -0.900571 0.494211
8.98 0.412089 -0.904873 0.494307
8.99 0.402957 -0.909085 0.494405
9 0.393785 -0.913206 0.494506
9.01 0.384573 -0.917236 0.494609
9.02 0.375323 -0.921174 0.494714
9.03 0.366035 -0.925019 0.494821
9.04 0.356711 -0.928773 0.494931
9.05 0.347351 -0.932433 0.495042
9.06 0.337956 -0.936 0.495155
9.07 0.328528 -0.939474 0.495271
9.08 0.319066 -0.942853 0.495388
9.09 0.309573 -0.946138 0.495507
9.1 0.300049 -0.949329 0.495627
9.11 0.290495 -0.952425 0.49575
9.12 0.280911 -0.955425 0.495874
9.13 0.2713 -0.95833 0.496
9.14 0.261661 -0.961139 0.496128
9.15 0.251997 -0.963852 0.496257
9.16 0.242307 -0.966469 0.496387
9.17 0.232593 -0.968989 0.496519
9.18 0.222855 -0.971412 0.496653
9.19 0.213096 -0.973738 0.496788
9.2 0.203315 -0.975966 0.496924
9.21 0.193513 -0.978097 0.497061
9.22 0.183693 -0.980131 0.497199
9.23 0.173854 -0.982066 0.497339
9.24 0.163997 -0.983903 0.49748
9.25 0.154124 -0.985641 0.497621
9.26 0.144236 -0.987281 0.497764
9.27 0.134334 -0.988822 0.497908
9.28 0.124418 -0.990265 0.498052
9.29 0.114489 -0.991608 0.498197
9.3 0.104549 -0.992852 0.498343
9.31 0.0945986 -0.993997 0.49849
9.32 0.0846387 -0.995043 0.498637
9.33 0.0746704 -0.995989 0.498784
9.34 0.0646946 -0.996835 0.498933
9.35 0.0547123 -0.997582 0.499081
9.36 0.0447245 -0.998229 0.49923
9.37 0.0347323 -0.998776 0.49938
9.38 0.0247366 -0.999223 0.499529
9.39 0.0147384 -0.99957 0.499679
9.4 0.00473875 -0.999818 0.499829
9.41 -0.00526137 -0.999965 0.499979
9.42 -0.015261 -1.00001 0.500129
9.43 -0.025259 -0.99996 0.500279
9.44 -0.0352546 -0.999807 0.500429
9.45 -0.0452466 -0.999555 0.500578
9.46 -0.0552341 -0.999202 0.500728
9.47 -0.0652161 -0.99875 0.500877
9.48 -0.0751915 -0.998197 0.501026
9.49 -0.0851595 -0.997545 0.501174
9.5 -0.0951189 -0.996793 0.501322
9.51 -0.105069 -0.995942 0.50147
9.52 -0.115008 -0.99499 0.501616
9.53 -0.124936 -0.99394 0.501763
9.54 -0.134851 -0.99279 0.501908
9.55 -0.144753 -0.99154 0.502053
9.56 -0.154641 -0.990192 0.502197
9.57 -0.164513 -0.988744 0.50234
9.58 -0.174368 -0.987198 0.502482
9.59 -0.184206 -0.985553 0.502623
9.6 -0.194026 -0.983809 0.502763
9.61 -0.203826 -0.981967 0.502902
9.62 -0.213606 -0.980027 0.50304
9.63 -0.223365 -0.977988 0.503177
9.64 -0.233101 -0.975852 0.503312
9.65 -0.242814 -0.973619 0.503446
9.66 -0.252502 -0.971288 0.503579
9.67 -0.262166 -0.96886 0.50371
9.68 -0.271803 -0.966335 0.50384
9.69 -0.281413 -0.963713 0.503968
9.7 -0.290995 -0.960995 0.504095
9.71 -0.300547 -0.958181 0.50422
9.72 -0.31007 -0.955271 0.504343
9.73 -0.319562 -0.952265 0.504464
9.74 -0.329021 -0.949165 0.504584
9.75 -0.338448 -0.945969 0.504702
9.76 -0.347841 -0.942679 0.504818
9.77 -0.357199 -0.939294 0.504933
9.78 -0.366522 -0.935816 0.505045
9.79 -0.375807 -0.932244 0.505155
9.8 -0.385056 -0.928579 0.505263
9.81 -0.394265 -0.924821 0.505369
9.82 -0.403436 -0.92097 0.505473
9.83 -0.412566 -0.917027 0.505575
9.84 -0.421654 -0.912993 0.505674
9.85 -0.430701 -0.908867 0.505772
9.86 -0.439704 -0.904651 0.505866
9.87 -0.448664 -0.900344 0.505959
9.88 -0.457578 -0.895947 0.506049
9.89 -0.466447 -0.89146 0.506137
9.9 -0.475269 -0.886884 0.506222
9.91 -0.484044 -0.88222 0.506305
9.92 -0.49277 -0.877467 0.506386
9.93 -0.501447 -0.872627 0.506463
9.94 -0.510074 -0.867699 0.506539
9.95 -0.51865 -0.862685 0.506611
9.96 -0.527174 -0.857584 0.506681
9.97 -0.535645 -0.852397 0.506749
9.98 -0.544063 -0.847126 0.506813
9.99 -0.552426 -0.841769 0.506875
10 -0.560734 -0.836329 0.506934
