0 0.019899 1 0.500198
0.01 0.029697 0.9899 0.490392
0.02 0.0393941 0.979802 0.480782
0.03 0.0489903 0.969707 0.471366
0.04 0.0584855 0.959616 0.462142
0.05 0.06788 0.94953 0.453107
0.06 0.0771738 0.93945 0.444261
0.07 0.0863669 0.929376 0.4356
0.08 0.0954595 0.919311 0.427123
0.09 0.104452 0.909254 0.418827
0.1 0.113343 0.899207 0.41071
0.11 0.122135 0.88917 0.402771
0.12 0.130826 0.879145 0.395006
0.13 0.139417 0.869133 0.387414
0.14 0.147909 0.859133 0.379993
0.15 0.156301 0.849147 0.372741
0.16 0.164593 0.839177 0.365654
0.17 0.172786 0.829222 0.358732
0.18 0.180879 0.819284 0.351972
0.19 0.188874 0.809363 0.345371
0.2 0.19677 0.799461 0.338928
0.21 0.204567 0.789578 0.33264
0.22 0.212266 0.779714 0.326505
0.23 0.219866 0.769871 0.320521
0.24 0.227369 0.76005 0.314686
0.25 0.234773 0.750251 0.308997
0.26 0.24208 0.740475 0.303453
0.27 0.24929 0.730722 0.29805
0.28 0.256403 0.720994 0.292788
0.29 0.263419 0.711291 0.287662
0.3 0.270339 0.701614 0.282673
0.31 0.277163 0.691964 0.277817
0.32 0.28389 0.682341 0.273091
0.33 0.290522 0.672746 0.268495
0.34 0.297058 0.663179 0.264025
0.35 0.3035 0.653642 0.25968
0.36 0.309846 0.644135 0.255458
0.37 0.316098 0.634659 0.251355
0.38 0.322256 0.625214 0.247371
0.39 0.328321 0.615801 0.243503
0.4 0.334291 0.60642 0.239748
0.41 0.340169 0.597073 0.236105
0.42 0.345954 0.587759 0.232572
0.43 0.351646 0.57848 0.229147
0.44 0.357246 0.569236 0.225827
0.45 0.362755 0.560027 0.222611
0.46 0.368172 0.550854 0.219495
0.47 0.373498 0.541718 0.21648
0.48 0.378734 0.532619 0.213561
0.49 0.383879 0.523558 0.210738
0.5 0.388935 0.514535 0.208008
0.51 0.393901 0.505551 0.20537
0.52 0.398778 0.496606 0.202821
0.53 0.403566 0.487701 0.200359
0.54 0.408266 0.478836 0.197983
0.55 0.412878 0.470012 0.19569
0.56 0.417403 0.461229 0.193479
0.57 0.421841 0.452488 0.191348
0.58 0.426193 0.443789 0.189295
0.59 0.430458 0.435133 0.187317
0.6 0.434637 0.42652 0.185414
0.61 0.438732 0.41795 0.183584
0.62 0.442741 0.409424 0.181824
0.63 0.446666 0.400943 0.180133
0.64 0.450507 0.392506 0.178509
0.65 0.454265 0.384114 0.17695
0.66 0.457939 0.375768 0.175455
0.67 0.461532 0.367468 0.174022
0.68 0.465042 0.359213 0.172649
0.69 0.46847 0.351006 0.171335
0.7 0.471817 0.342846 0.170077
0.71 0.475084 0.334732 0.168875
0.72 0.478271 0.326667 0.167727
0.73 0.481377 0.318649 0.166631
0.74 0.484405 0.31068 0.165585
0.75 0.487354 0.30276 0.164589
0.76 0.490225 0.294888 0.16364
0.77 0.493017 0.287066 0.162736
0.78 0.495733 0.279293 0.161878
0.79 0.498372 0.27157 0.161062
0.8 0.500935 0.263896 0.160289
0.81 0.503422 0.256274 0.159555
0.82 0.505834 0.248702 0.15886
0.83 0.508171 0.24118 0.158203
0.84 0.510434 0.23371 0.157582
0.85 0.512623 0.226292 0.156995
0.86 0.514739 0.218924 0.156442
0.87 0.516783 0.211609 0.155921
0.88 0.518754 0.204345 0.155431
0.89 0.520654 0.197134 0.154971
0.9 0.522482 0.189975 0.154539
0.91 0.52424 0.182869 0.154135
0.92 0.525929 0.175815 0.153756
0.93 0.527547 0.168815 0.153402
0.94 0.529097 0.161867 0.153072
0.95 0.530578 0.154973 0.152765
0.96 0.531992 0.148133 0.152479
0.97 0.533338 0.141345 0.152214
0.98 0.534617 0.134612 0.151968
0.99 0.53583 0.127933 0.15174
1 0.536978 0.121307 0.15153
1.01 0.53806 0.114736 0.151336
1.02 0.539077 0.108219 0.151158
1.03 0.540031 0.101756 0.150994
1.04 0.540921 0.0953474 0.150843
1.05 0.541748 0.0889937 0.150705
1.06 0.542512 0.0826945 0.150579
1.07 0.543215 0.0764501 0.150463
1.08 0.543856 0.0702605 0.150358
1.09 0.544437 0.0641257 0.150262
1.1 0.544957 0.0580459 0.150174
1.11 0.545417 0.0520211 0.150093
1.12 0.545819 0.0460513 0.150019
1.13 0.546161 0.0401366 0.149952
1.14 0.546446 0.034277 0.149889
1.15 0.546673 0.0284727 0.149831
1.16 0.546844 0.0227235 0.149777
1.17 0.546958 0.0170295 0.149726
1.18 0.547016 0.0113908 0.149678
1.19 0.547018 0.00580729 0.149631
1.2 0.546967 0.000279063 0.149586
1.21 0.54686 -0.00519391 0.149542
1.22 0.546701 -0.0106116 0.149497
1.23 0.546488 -0.0159741 0.149452
1.24 0.546223 -0.0212814 0.149406
1.25 0.545905 -0.0265335 0.149358
1.26 0.545536 -0.0317303 0.149308
1.27 0.545117 -0.0368721 0.149256
1.28 0.544647 -0.0419587 0.1492
1.29 0.544127 -0.0469903 0.149141
1.3 0.543558 -0.0519669 0.149078
1.31 0.542941 -0.0568885 0.149011
1.32 0.542275 -0.0617552 0.148938
1.33 0.541562 -0.066567 0.14886
1.34 0.540802 -0.0713241 0.148777
1.35 0.539995 -0.0760265 0.148687
1.36 0.539142 -0.0806743 0.148591
1.37 0.538244 -0.0852675 0.148489
1.38 0.537301 -0.0898062 0.148379
1.39 0.536314 -0.0942906 0.148262
1.4 0.535283 -0.0987207 0.148137
1.41 0.534209 -0.103097 0.148004
1.42 0.533092 -0.107419 0.147863
1.43 0.531933 -0.111686 0.147713
1.44 0.530732 -0.1159 0.147555
1.45 0.529491 -0.120061 0.147388
1.46 0.528209 -0.124168 0.147211
1.47 0.526886 -0.128221 0.147025
1.48 0.525525 -0.132221 0.146829
1.49 0.524124 -0.136167 0.146624
1.5 0.522685 -0.140061 0.146408
1.51 0.521208 -0.143901 0.146183
1.52 0.519694 -0.147689 0.145947
1.53 0.518143 -0.151425 0.145701
1.54 0.516556 -0.155107 0.145444
1.55 0.514932 -0.158738 0.145176
1.56 0.513274 -0.162316 0.144898
1.57 0.511581 -0.165842 0.144609
1.58 0.509853 -0.169316 0.144309
1.59 0.508092 -0.172739 0.143998
1.6 0.506298 -0.17611 0.143676
1.61 0.504471 -0.17943 0.143343
1.62 0.502612 -0.182699 0.142999
1.63 0.500721 -0.185916 0.142643
1.64 0.498799 -0.189083 0.142276
1.65 0.496846 -0.1922 0.141898
1.66 0.494864 -0.195266 0.141509
1.67 0.492851 -0.198281 0.141109
1.68 0.490809 -0.201247 0.140697
1.69 0.488739 -0.204163 0.140274
1.7 0.486641 -0.20703 0.13984
1.71 0.484515 -0.209847 0.139395
1.72 0.482361 -0.212615 0.138939
1.73 0.480181 -0.215334 0.138471
1.74 0.477975 -0.218004 0.137993
1.75 0.475743 -0.220626 0.137504
1.76 0.473486 -0.223199 0.137003
1.77 0.471204 -0.225725 0.136492
1.78 0.468897 -0.228202 0.13597
1.79 0.466567 -0.230632 0.135438
1.8 0.464214 -0.233015 0.134895
1.81 0.461837 -0.235351 0.134342
1.82 0.459438 -0.237639 0.133778
1.83 0.457018 -0.239881 0.133204
1.84 0.454575 -0.242077 0.13262
1.85 0.452112 -0.244226 0.132026
1.86 0.449628 -0.24633 0.131422
1.87 0.447124 -0.248387 0.130808
1.88 0.444601 -0.2504 0.130185
1.89 0.442058 -0.252367 0.129552
1.9 0.439496 -0.254289 0.12891
1.91 0.436916 -0.256167 0.128259
1.92 0.434318 -0.258 0.127598
1.93 0.431703 -0.25979 0.126929
1.94 0.42907 -0.261535 0.126251
1.95 0.426421 -0.263237 0.125564
1.96 0.423756 -0.264895 0.124869
1.97 0.421076 -0.26651 0.124166
1.98 0.418379 -0.268083 0.123455
1.99 0.415668 -0.269612 0.122736
2 0.412943 -0.2711 0.122009
2.01 0.410203 -0.272546 0.121274
2.02 0.40745 -0.27395 0.120532
2.03 0.404684 -0.275312 0.119783
2.04 0.401905 -0.276634 0.119027
2.05 0.399113 -0.277914 0.118264
2.06 0.39631 -0.279154 0.117494
2.07 0.393495 -0.280354 0.116718
2.08 0.390668 -0.281513 0.115936
2.09 0.387831 -0.282633 0.115147
2.1 0.384984 -0.283713 0.114353
2.11 0.382126 -0.284755 0.113553
2.12 0.379259 -0.285757 0.112747
2.13 0.376382 -0.286721 0.111936
2.14 0.373497 -0.287646 0.11112
2.15 0.370603 -0.288533 0.110299
2.16 0.367701 -0.289383 0.109473
2.17 0.364792 -0.290195 0.108643
2.18 0.361874 -0.29097 0.107808
2.19 0.35895 -0.291708 0.10697
2.2 0.35602 -0.29241 0.106127
2.21 0.353083 -0.293076 0.10528
2.22 0.35014 -0.293705 0.10443
2.23 0.347191 -0.294299 0.103577
2.24 0.344237 -0.294857 0.10272
2.25 0.341279 -0.295381 0.10186
2.26 0.338315 -0.295869 0.100998
2.27 0.335348 -0.296323 0.100133
2.28 0.332377 -0.296743 0.0992653
2.29 0.329402 -0.297129 0.0983956
2.3 0.326424 -0.297482 0.0975239
2.31 0.323443 -0.297801 0.0966503
2.32 0.320459 -0.298087 0.0957751
2.33 0.317474 -0.298341 0.0948984
2.34 0.314486 -0.298562 0.0940204
2.35 0.311497 -0.298751 0.0931413
2.36 0.308507 -0.298908 0.0922613
2.37 0.305516 -0.299034 0.0913806
2.38 0.302524 -0.299129 0.0904993
2.39 0.299531 -0.299193 0.0896177
2.4 0.296539 -0.299226 0.0887358
2.41 0.293547 -0.299229 0.087854
2.42 0.290556 -0.299202 0.0869723
2.43 0.287565 -0.299146 0.0860909
2.44 0.284576 -0.29906 0.08521
2.45 0.281588 -0.298945 0.0843298
2.46 0.278601 -0.298801 0.0834504
2.47 0.275617 -0.298629 0.082572
2.48 0.272635 -0.298429 0.0816948
2.49 0.269656 -0.298201 0.0808189
2.5 0.266679 -0.297945 0.0799444
2.51 0.263705 -0.297662 0.0790716
2.52 0.260735 -0.297352 0.0782006
2.53 0.257769 -0.297016 0.0773315
2.54 0.254806 -0.296653 0.0764646
2.55 0.251848 -0.296264 0.0755998
2.56 0.248894 -0.29585 0.0747375
2.57 0.245944 -0.29541 0.0738776
2.58 0.243 -0.294944 0.0730205
2.59 0.24006 -0.294454 0.0721661
2.6 0.237126 -0.29394 0.0713147
2.61 0.234198 -0.293401 0.0704664
2.62 0.231275 -0.292838 0.0696212
2.63 0.228359 -0.292252 0.0687794
2.64 0.225449 -0.291642 0.0679411
2.65 0.222545 -0.291009 0.0671064
2.66 0.219648 -0.290354 0.0662753
2.67 0.216759 -0.289676 0.0654481
2.68 0.213876 -0.288975 0.0646249
2.69 0.211001 -0.288253 0.0638056
2.7 0.208134 -0.287509 0.0629906
2.71 0.205274 -0.286744 0.0621798
2.72 0.202423 -0.285958 0.0613735
2.73 0.199579 -0.285151 0.0605716
2.74 0.196744 -0.284324 0.0597743
2.75 0.193918 -0.283477 0.0589817
2.76 0.191101 -0.282609 0.0581938
2.77 0.188293 -0.281722 0.0574109
2.78 0.185494 -0.280816 0.0566329
2.79 0.182705 -0.279891 0.05586
2.8 0.179925 -0.278947 0.0550922
2.81 0.177155 -0.277985 0.0543296
2.82 0.174395 -0.277004 0.0535723
2.83 0.171645 -0.276005 0.0528205
2.84 0.168905 -0.274989 0.0520741
2.85 0.166176 -0.273956 0.0513332
2.86 0.163458 -0.272905 0.0505979
2.87 0.16075 -0.271838 0.0498683
2.88 0.158054 -0.270754 0.0491444
2.89 0.155368 -0.269654 0.0484264
2.9 0.152694 -0.268538 0.0477142
2.91 0.150032 -0.267407 0.0470079
2.92 0.147381 -0.266259 0.0463076
2.93 0.144742 -0.265097 0.0456133
2.94 0.142114 -0.26392 0.0449251
2.95 0.139499 -0.262728 0.044243
2.96 0.136896 -0.261522 0.0435671
2.97 0.134305 -0.260302 0.0428975
2.98 0.131727 -0.259068 0.0422341
2.99 0.129162 -0.25782 0.041577
3 0.126609 -0.256559 0.0409262
3.01 0.124069 -0.255285 0.0402818
3.02 0.121542 -0.253998 0.0396438
3.03 0.119028 -0.252699 0.0390122
3.04 0.116527 -0.251388 0.0383872
3.05 0.11404 -0.250064 0.0377685
3.06 0.111566 -0.248729 0.0371565
3.07 0.109106 -0.247382 0.0365509
3.08 0.106659 -0.246024 0.0359519
3.09 0.104227 -0.244654 0.0353595
3.1 0.101808 -0.243274 0.0347736
3.11 0.0994029 -0.241884 0.0341944
3.12 0.0970122 -0.240483 0.0336218
3.13 0.0946356 -0.239072 0.0330558
3.14 0.0922734 -0.237652 0.0324964
3.15 0.0899256 -0.236222 0.0319436
3.16 0.0875923 -0.234782 0.0313975
3.17 0.0852735 -0.233334 0.0308581
3.18 0.0829694 -0.231876 0.0303252
3.19 0.08068 -0.23041 0.0297991
3.2 0.0784055 -0.228936 0.0292795
3.21 0.0761459 -0.227453 0.0287666
3.22 0.0739012 -0.225963 0.0282603
3.23 0.0716717 -0.224465 0.0277606
3.24 0.0694572 -0.222959 0.0272675
3.25 0.0672579 -0.221446 0.026781
3.26 0.0650739 -0.219926 0.0263011
3.27 0.0629053 -0.218399 0.0258277
3.28 0.060752 -0.216866 0.0253609
3.29 0.0586142 -0.215327 0.0249006
3.3 0.0564919 -0.213781 0.0244468
3.31 0.0543852 -0.212229 0.0239995
3.32 0.0522941 -0.210672 0.0235586
3.33 0.0502187 -0.209109 0.0231242
3.34 0.048159 -0.207541 0.0226962
3.35 0.0461151 -0.205968 0.0222746
3.36 0.0440871 -0.204389 0.0218594
3.37 0.0420749 -0.202807 0.0214504
3.38 0.0400786 -0.20122 0.0210478
3.39 0.0380983 -0.199628 0.0206514
3.4 0.0361339 -0.198033 0.0202613
3.41 0.0341856 -0.196433 0.0198773
3.42 0.0322534 -0.19483 0.0194996
3.43 0.0303372 -0.193224 0.0191279
3.44 0.0284372 -0.191614 0.0187623
3.45 0.0265534 -0.190001 0.0184028
3.46 0.0246857 -0.188386 0.0180493
3.47 0.0228342 -0.186767 0.0177017
3.48 0.020999 -0.185147 0.0173601
3.49 0.01918 -0.183523 0.0170244
3.5 0.0173773 -0.181898 0.0166945
3.51 0.0155909 -0.180271 0.0163704
3.52 0.0138208 -0.178642 0.016052
3.53 0.012067 -0.177012 0.0157394
3.54 0.0103295 -0.17538 0.0154324
3.55 0.00860838 -0.173747 0.015131
3.56 0.00690361 -0.172112 0.0148352
3.57 0.00521519 -0.170477 0.0145449
3.58 0.00354314 -0.168842 0.01426
3.59 0.00188745 -0.167205 0.0139806
3.6 0.000248131 -0.165569 0.0137065
3.61 -0.00137482 -0.163932 0.0134378
3.62 -0.0029814 -0.162295 0.0131743
3.63 -0.00457162 -0.160658 0.012916
3.64 -0.00614548 -0.159022 0.0126629
3.65 -0.00770299 -0.157386 0.0124148
3.66 -0.00924415 -0.155751 0.0121719
3.67 -0.010769 -0.154116 0.0119339
3.68 -0.0122775 -0.152483 0.0117008
3.69 -0.0137697 -0.15085 0.0114727
3.7 -0.0152456 -0.149219 0.0112493
3.71 -0.0167052 -0.147589 0.0110308
3.72 -0.0181485 -0.145961 0.0108169
3.73 -0.0195756 -0.144334 0.0106077
3.74 -0.0209865 -0.142709 0.0104032
3.75 -0.0223811 -0.141086 0.0102031
3.76 -0.0237596 -0.139465 0.0100076
3.77 -0.0251219 -0.137847 0.00981646
3.78 -0.0264681 -0.136231 0.00962972
3.79 -0.0277981 -0.134617 0.00944729
3.8 -0.0291121 -0.133007 0.00926913
3.81 -0.03041 -0.131399 0.00909517
3.82 -0.031692 -0.129793 0.00892536
3.83 -0.0329579 -0.128191 0.00875963
3.84 -0.0342079 -0.126593 0.00859793
3.85 -0.0354419 -0.124997 0.0084402
3.86 -0.0366601 -0.123405 0.00828638
3.87 -0.0378624 -0.121817 0.00813641
3.88 -0.0390489 -0.120232 0.00799025
3.89 -0.0402196 -0.118651 0.00784782
3.9 -0.0413746 -0.117074 0.00770907
3.91 -0.042514 -0.115501 0.00757395
3.92 -0.0436376 -0.113932 0.00744239
3.93 -0.0447457 -0.112368 0.00731434
3.94 -0.0458382 -0.110808 0.00718974
3.95 -0.0469153 -0.109252 0.00706853
3.96 -0.0479768 -0.107701 0.00695066
3.97 -0.0490229 -0.106155 0.00683607
3.98 -0.0500537 -0.104614 0.0067247
3.99 -0.0510692 -0.103077 0.0066165
4 -0.0520694 -0.101546 0.00651141
4.01 -0.0530544 -0.10002 0.00640937
4.02 -0.0540242 -0.098499 0.00631033
4.03 -0.0549789 -0.0969835 0.00621424
4.04 -0.0559186 -0.0954734 0.00612103
4.05 -0.0568433 -0.0939689 0.00603065
4.06 -0.0577531 -0.09247 0.00594306
4.07 -0.058648 -0.0909768 0.00585819
4.08 -0.0595281 -0.0894895 0.00577598
4.09 -0.0603934 -0.0880082 0.0056964
4.1 -0.061244 -0.0865328 0.00561938
4.11 -0.06208 -0.0850635 0.00554487
4.12 -0.0629015 -0.0836005 0.00547282
4.13 -0.0637084 -0.0821437 0.00540317
4.14 -0.0645009 -0.0806932 0.00533588
4.15 -0.065279 -0.0792492 0.00527089
4.16 -0.0660428 -0.0778117 0.00520816
4.17 -0.0667924 -0.0763808 0.00514762
4.18 -0.0675278 -0.0749566 0.00508924
4.19 -0.0682491 -0.0735391 0.00503296
4.2 -0.0689563 -0.0721284 0.00497874
4.21 -0.0696496 -0.0707246 0.00492652
4.22 -0.070329 -0.0693278 0.00487625
4.23 -0.0709945 -0.067938 0.0048279
4.24 -0.0716463 -0.0665554 0.00478141
4.25 -0.0722844 -0.0651799 0.00473673
4.26 -0.0729089 -0.0638116 0.00469382
4.27 -0.0735199 -0.0624506 0.00465263
4.28 -0.0741174 -0.0610971 0.00461312
4.29 -0.0747015 -0.0597509 0.00457524
4.3 -0.0752723 -0.0584122 0.00453896
4.31 -0.0758299 -0.0570811 0.00450421
4.32 -0.0763743 -0.0557575 0.00447097
4.33 -0.0769057 -0.0544417 0.00443919
4.34 -0.077424 -0.0531335 0.00440882
4.35 -0.0779294 -0.0518331 0.00437983
4.36 -0.078422 -0.0505405 0.00435218
4.37 -0.0789018 -0.0492558 0.00432581
4.38 -0.0793689 -0.0479791 0.0043007
4.39 -0.0798234 -0.0467102 0.00427681
4.4 -0.0802653 -0.0454495 0.00425409
4.41 -0.0806948 -0.0441967 0.0042325
4.42 -0.081112 -0.0429521 0.00421202
4.43 -0.0815169 -0.0417156 0.0041926
4.44 -0.0819095 -0.0404874 0.0041742
4.45 -0.0822901 -0.0392673 0.00415679
4.46 -0.0826586 -0.0380555 0.00414034
4.47 -0.0830152 -0.0368521 0.0041248
4.48 -0.0833599 -0.035657 0.00411015
4.49 -0.0836928 -0.0344703 0.00409634
4.5 -0.084014 -0.033292 0.00408336
4.51 -0.0843236 -0.0321221 0.00407115
4.52 -0.0846217 -0.0309608 0.0040597
4.53 -0.0849084 -0.0298079 0.00404897
4.54 -0.0851836 -0.0286636 0.00403893
4.55 -0.0854476 -0.0275279 0.00402954
4.56 -0.0857005 -0.0264008 0.00402079
4.57 -0.0859422 -0.0252823 0.00401263
4.58 -0.0861729 -0.0241725 0.00400504
4.59 -0.0863927 -0.0230713 0.00399799
4.6 -0.0866016 -0.0219789 0.00399146
4.61 -0.0867999 -0.0208952 0.00398541
4.62 -0.0869874 -0.0198202 0.00397982
4.63 -0.0871644 -0.018754 0.00397467
4.64 -0.0873308 -0.0176966 0.00396992
4.65 -0.0874869 -0.016648 0.00396556
4.66 -0.0876327 -0.0156082 0.00396155
4.67 -0.0877682 -0.0145772 0.00395788
4.68 -0.0878937 -0.0135551 0.00395452
4.69 -0.088009 -0.0125419 0.00395144
4.7 -0.0881145 -0.0115375 0.00394864
4.71 -0.08821 -0.0105421 0.00394607
4.72 -0.0882958 -0.00955551 0.00394373
4.73 -0.0883719 -0.00857785 0.00394158
4.74 -0.0884384 -0.00760912 0.00393962
4.75 -0.0884954 -0.00664931 0.00393782
4.76 -0.0885429 -0.00569843 0.00393616
4.77 -0.0885812 -0.00475649 0.00393462
4.78 -0.0886102 -0.0038235 0.00393319
4.79 -0.08863 -0.00289945 0.00393184
4.8 -0.0886408 -0.00198436 0.00393056
4.81 -0.0886426 -0.00107821 0.00392934
4.82 -0.0886355 -0.000181022 0.00392814
4.83 -0.0886197 0.000707214 0.00392697
4.84 -0.0885951 0.0015865 0.0039258
4.85 -0.0885619 0.00245683 0.00392462
4.86 -0.0885202 0.00331821 0.00392342
4.87 -0.0884701 0.00417065 0.00392217
4.88 -0.0884116 0.00501414 0.00392087
4.89 -0.0883448 0.0058487 0.00391951
4.9 -0.0882699 0.00667433 0.00391806
4.91 -0.0881869 0.00749104 0.00391652
4.92 -0.0880959 0.00829882 0.00391488
4.93 -0.0879971 0.00909771 0.00391313
4.94 -0.0878904 0.00988769 0.00391124
4.95 -0.087776 0.0106688 0.00390922
4.96 -0.0876539 0.011441 0.00390705
4.97 -0.0875243 0.0122043 0.00390473
4.98 -0.0873873 0.0129588 0.00390224
4.99 -0.0872429 0.0137045 0.00389957
5 -0.0870912 0.0144413 0.00389671
5.01 -0.0869323 0.0151693 0.00389367
5.02 -0.0867663 0.0158886 0.00389042
5.03 -0.0865933 0.016599 0.00388696
5.04 -0.0864134 0.0173007 0.00388329
5.05 -0.0862266 0.0179936 0.0038794
5.06 -0.0860331 0.0186778 0.00387527
5.07 -0.0858329 0.0193533 0.00387091
5.08 -0.0856261 0.0200201 0.00386631
5.09 -0.0854128 0.0206782 0.00386147
5.1 -0.0851931 0.0213277 0.00385637
5.11 -0.0849671 0.0219685 0.00385101
5.12 -0.0847349 0.0226008 0.0038454
5.13 -0.0844965 0.0232244 0.00383951
5.14 -0.084252 0.0238396 0.00383336
5.15 -0.0840016 0.0244461 0.00382694
5.16 -0.0837452 0.0250442 0.00382024
5.17 -0.0834831 0.0256338 0.00381326
5.18 -0.0832152 0.0262149 0.00380599
5.19 -0.0829417 0.0267876 0.00379845
5.2 -0.0826626 0.0273518 0.00379061
5.21 -0.0823781 0.0279077 0.00378249
5.22 -0.0820881 0.0284553 0.00377408
5.23 -0.0817929 0.0289945 0.00376538
5.24 -0.0814924 0.0295254 0.00375638
5.25 -0.0811867 0.0300481 0.00374709
5.26 -0.0808761 0.0305626 0.0037375
5.27 -0.0805604 0.0310688 0.00372762
5.28 -0.0802398 0.0315669 0.00371745
5.29 -0.0799144 0.0320568 0.00370698
5.3 -0.0795843 0.0325386 0.00369621
5.31 -0.0792495 0.0330124 0.00368515
5.32 -0.0789102 0.0334781 0.0036738
5.33 -0.0785663 0.0339358 0.00366215
5.34 -0.078218 0.0343856 0.00365021
5.35 -0.0778654 0.0348274 0.00363799
5.36 -0.0775086 0.0352613 0.00362547
5.37 -0.0771475 0.0356873 0.00361266
5.38 -0.0767823 0.0361055 0.00359957
5.39 -0.0764132 0.036516 0.00358619
5.4 -0.07604 0.0369186 0.00357253
5.41 -0.075663 0.0373136 0.0035586
5.42 -0.0752822 0.0377008 0.00354438
5.43 -0.0748977 0.0380805 0.00352989
5.44 -0.0745095 0.0384525 0.00351513
5.45 -0.0741178 0.0388169 0.0035001
5.46 -0.0737225 0.0391738 0.0034848
5.47 -0.0733239 0.0395233 0.00346924
5.48 -0.0729219 0.0398653 0.00345342
5.49 -0.0725166 0.0401999 0.00343734
5.5 -0.0721082 0.0405271 0.00342102
5.51 -0.0716966 0.040847 0.00340444
5.52 -0.0712819 0.0411596 0.00338761
5.53 -0.0708643 0.041465 0.00337054
5.54 -0.0704437 0.0417631 0.00335324
5.55 -0.0700204 0.0420541 0.0033357
5.56 -0.0695942 0.042338 0.00331793
5.57 -0.0691654 0.0426149 0.00329994
5.58 -0.0687339 0.0428847 0.00328172
5.59 -0.0682998 0.0431475 0.00326329
5.6 -0.0678633 0.0434033 0.00324464
5.61 -0.0674244 0.0436523 0.00322579
5.62 -0.0669831 0.0438944 0.00320673
5.63 -0.0665395 0.0441297 0.00318747
5.64 -0.0660937 0.0443582 0.00316802
5.65 -0.0656458 0.04458 0.00314837
5.66 -0.0651957 0.0447952 0.00312854
5.67 -0.0647437 0.0450037 0.00310854
5.68 -0.0642896 0.0452056 0.00308835
5.69 -0.0638337 0.045401 0.003068
5.7 -0.063376 0.0455899 0.00304748
5.71 -0.0629165 0.0457723 0.0030268
5.72 -0.0624554 0.0459484 0.00300596
5.73 -0.0619925 0.046118 0.00298497
5.74 -0.0615282 0.0462814 0.00296384
5.75 -0.0610623 0.0464385 0.00294257
5.76 -0.0605949 0.0465894 0.00292116
5.77 -0.0601262 0.0467341 0.00289962
5.78 -0.0596561 0.0468728 0.00287796
5.79 -0.0591848 0.0470053 0.00285617
5.8 -0.0587123 0.0471318 0.00283427
5.81 -0.0582386 0.0472523 0.00281226
5.82 -0.0577639 0.0473669 0.00279015
5.83 -0.0572881 0.0474756 0.00276793
5.84 -0.0568113 0.0475785 0.00274562
5.85 -0.0563337 0.0476756 0.00272322
5.86 -0.0558551 0.047767 0.00270074
5.87 -0.0553758 0.0478526 0.00267818
5.88 -0.0548957 0.0479327 0.00265554
5.89 -0.054415 0.0480071 0.00263284
5.9 -0.0539336 0.048076 0.00261007
5.91 -0.0534516 0.0481394 0.00258724
5.92 -0.0529691 0.0481973 0.00256435
5.93 -0.0524861 0.0482499 0.00254142
5.94 -0.0520028 0.0482971 0.00251845
5.95 -0.051519 0.0483389 0.00249543
5.96 -0.0510349 0.0483756 0.00247238
5.97 -0.0505506 0.048407 0.0024493
5.98 -0.0500661 0.0484333 0.0024262
5.99 -0.0495813 0.0484545 0.00240307
6 -0.0490965 0.0484706 0.00237993
6.01 -0.0486117 0.0484817 0.00235678
6.02 -0.0481268 0.0484878 0.00233363
6.03 -0.0476419 0.0484891 0.00231047
6.04 -0.0471571 0.0484855 0.00228732
6.05 -0.0466725 0.048477 0.00226417
6.06 -0.046188 0.0484638 0.00224104
6.07 -0.0457038 0.0484459 0.00221792
6.08 -0.0452198 0.0484233 0.00219483
6.09 -0.0447362 0.0483961 0.00217176
6.1 -0.0442529 0.0483644 0.00214872
6.11 -0.04377 0.0483281 0.00212571
6.12 -0.0432876 0.0482873 0.00210274
6.13 -0.0428057 0.0482422 0.00207982
6.14 -0.0423243 0.0481926 0.00205694
6.15 -0.0418435 0.0481388 0.00203411
6.16 -0.0413633 0.0480806 0.00201133
6.17 -0.0408838 0.0480182 0.00198862
6.18 -0.040405 0.0479517 0.00196596
6.19 -0.0399269 0.047881 0.00194338
6.2 -0.0394497 0.0478062 0.00192086
6.21 -0.0389732 0.0477275 0.00189841
6.22 -0.0384976 0.0476447 0.00187604
6.23 -0.038023 0.047558 0.00185375
6.24 -0.0375492 0.0474674 0.00183155
6.25 -0.0370765 0.0473729 0.00180943
6.26 -0.0366048 0.0472747 0.0017874
6.27 -0.0361341 0.0471727 0.00176547
6.28 -0.0356645 0.047067 0.00174363
6.29 -0.0351961 0.0469577 0.00172189
6.3 -0.0347288 0.0468448 0.00170026
6.31 -0.0342627 0.0467283 0.00167873
6.32 -0.0337978 0.0466083 0.00165731
6.33 -0.0333343 0.0464848 0.00163601
6.34 -0.032872 0.0463579 0.00161481
6.35 -0.0324111 0.0462277 0.00159374
6.36 -0.0319515 0.0460942 0.00157278
6.37 -0.0314933 0.0459573 0.00155195
6.38 -0.0310366 0.0458173 0.00153125
6.39 -0.0305813 0.045674 0.00151067
6.4 -0.0301275 0.0455277 0.00149022
6.41 -0.0296752 0.0453782 0.0014699
6.42 -0.0292245 0.0452257 0.00144972
6.43 -0.0287754 0.0450702 0.00142967
6.44 -0.0283279 0.0449117 0.00140977
6.45 -0.0278821 0.0447504 0.00139
6.46 -0.0274379 0.0445861 0.00137038
6.47 -0.0269954 0.0444191 0.0013509
6.48 -0.0265546 0.0442493 0.00133157
6.49 -0.0261156 0.0440767 0.00131239
6.5 -0.0256784 0.0439015 0.00129336
6.51 -0.0252429 0.0437237 0.00127448
6.52 -0.0248093 0.0435432 0.00125576
6.53 -0.0243776 0.0433602 0.00123719
6.54 -0.0239477 0.0431747 0.00121877
6.55 -0.0235198 0.0429867 0.00120052
6.56 -0.0230937 0.0427963 0.00118242
6.57 -0.0226696 0.0426036 0.00116449
6.58 -0.0222475 0.0424085 0.00114672
6.59 -0.0218274 0.0422111 0.00112911
6.6 -0.0214093 0.0420114 0.00111166
6.61 -0.0209933 0.0418096 0.00109438
6.62 -0.0205793 0.0416056 0.00107727
6.63 -0.0201673 0.0413995 0.00106032
6.64 -0.0197575 0.0411913 0.00104354
6.65 -0.0193498 0.040981 0.00102693
6.66 -0.0189443 0.0407688 0.00101049
6.67 -0.0185409 0.0405546 0.000994221
6.68 -0.0181397 0.0403385 0.000978122
6.69 -0.0177407 0.0401205 0.000962195
6.7 -0.0173439 0.0399007 0.00094644
6.71 -0.0169494 0.0396791 0.000930857
6.72 -0.016557 0.0394558 0.000915447
6.73 -0.016167 0.0392307 0.00090021
6.74 -0.0157793 0.039004 0.000885147
6.75 -0.0153938 0.0387756 0.000870258
6.76 -0.0150107 0.0385456 0.000855543
6.77 -0.0146298 0.0383141 0.000841002
6.78 -0.0142514 0.0380811 0.000826635
6.79 -0.0138753 0.0378466 0.000812443
6.8 -0.0135015 0.0376106 0.000798425
6.81 -0.0131302 0.0373733 0.000784582
6.82 -0.0127612 0.0371346 0.000770912
6.83 -0.0123947 0.0368945 0.000757417
6.84 -0.0120306 0.0366532 0.000744095
6.85 -0.0116689 0.0364106 0.000730948
6.86 -0.0113097 0.0361668 0.000717973
6.87 -0.010953 0.0359218 0.000705172
6.88 -0.0105987 0.0356757 0.000692544
6.89 -0.0102469 0.0354285 0.000680087
6.9 -0.00989757 0.0351802 0.000667803
6.91 -0.00955077 0.0349308 0.00065569
6.92 -0.00920647 0.0346805 0.000643748
6.93 -0.0088647 0.0344292 0.000631977
6.94 -0.00852547 0.034177 0.000620375
6.95 -0.00818877 0.0339239 0.000608942
6.96 -0.00785462 0.0336699 0.000597678
6.97 -0.00752302 0.0334151 0.000586581
6.98 -0.00719399 0.0331595 0.000575651
6.99 -0.00686753 0.0329031 0.000564888
7 -0.00654365 0.032646 0.00055429
7.01 -0.00622235 0.0323882 0.000543857
7.02 -0.00590364 0.0321298 0.000533588
7.03 -0.00558753 0.0318707 0.000523481
7.04 -0.00527403 0.031611 0.000513536
7.05 -0.00496313 0.0313508 0.000503752
7.06 -0.00465484 0.03109 0.000494128
7.07 -0.00434917 0.0308288 0.000484664
7.08 -0.00404612 0.030567 0.000475357
7.09 -0.0037457 0.0303048 0.000466207
7.1 -0.0034479 0.0300422 0.000457212
7.11 -0.00315275 0.0297793 0.000448373
7.12 -0.00286022 0.029516 0.000439687
7.13 -0.00257034 0.0292523 0.000431153
7.14 -0.0022831 0.0289884 0.00042277
7.15 -0.0019985 0.0287242 0.000414538
7.16 -0.00171655 0.0284598 0.000406454
7.17 -0.00143724 0.0281952 0.000398518
7.18 -0.00116059 0.0279304 0.000390728
7.19 -0.000886582 0.0276655 0.000383083
7.2 -0.000615229 0.0274004 0.000375581
7.21 -0.000346527 0.0271353 0.000368222
7.22 -8.04788e-05 0.0268701 0.000361004
7.23 0.000182917 0.0266049 0.000353926
7.24 0.000443661 0.0263396 0.000346986
7.25 0.000701754 0.0260744 0.000340183
7.26 0.000957195 0.0258092 0.000333516
7.27 0.00120999 0.0255441 0.000326983
7.28 0.00146013 0.0252791 0.000320582
7.29 0.00170762 0.0250142 0.000314313
7.3 0.00195247 0.0247495 0.000308174
7.31 0.00219468 0.0244849 0.000302163
7.32 0.00243424 0.0242205 0.000296279
7.33 0.00267116 0.0239564 0.000290521
7.34 0.00290545 0.0236925 0.000284887
7.35 0.00313711 0.0234288 0.000279376
7.36 0.00336613 0.0231655 0.000273985
7.37 0.00359253 0.0229025 0.000268714
7.38 0.0038163 0.0226398 0.000263562
7.39 0.00403746 0.0223774 0.000258526
7.4 0.004256 0.0221155 0.000253605
7.41 0.00447193 0.021854 0.000248797
7.42 0.00468525 0.0215929 0.000244102
7.43 0.00489597 0.0213322 0.000239517
7.44 0.00510409 0.0210721 0.000235042
7.45 0.00530963 0.0208124 0.000230674
7.46 0.00551257 0.0205532 0.000226411
7.47 0.00571294 0.0202946 0.000222254
7.48 0.00591073 0.0200365 0.000218199
7.49 0.00610595 0.019779 0.000214246
7.5 0.00629861 0.0195221 0.000210393
7.51 0.00648871 0.0192658 0.000206638
7.52 0.00667626 0.0190102 0.00020298
7.53 0.00686127 0.0187552 0.000199417
7.54 0.00704374 0.0185009 0.000195949
7.55 0.00722369 0.0182473 0.000192572
7.56 0.00740111 0.0179944 0.000189287
7.57 0.00757602 0.0177422 0.00018609
7.58 0.00774842 0.0174907 0.000182982
7.59 0.00791832 0.0172401 0.00017996
7.6 0.00808573 0.0169902 0.000177023
7.61 0.00825066 0.0167411 0.000174169
7.62 0.00841311 0.0164928 0.000171397
7.63 0.0085731 0.0162454 0.000168706
7.64 0.00873063 0.0159988 0.000166093
7.65 0.00888571 0.0157531 0.000163558
7.66 0.00903836 0.0155083 0.000161099
7.67 0.00918857 0.0152643 0.000158715
7.68 0.00933636 0.0150213 0.000156403
7.69 0.00948174 0.0147792 0.000154164
7.7 0.00962472 0.014538 0.000151995
7.71 0.00976531 0.0142978 0.000149895
7.72 0.00990351 0.0140586 0.000147862
7.73 0.0100393 0.0138204 0.000145896
7.74 0.0101728 0.0135831 0.000143994
7.75 0.0103039 0.0133469 0.000142156
7.76 0.0104327 0.0131117 0.000140379
7.77 0.0105591 0.0128776 0.000138664
7.78 0.0106833 0.0126445 0.000137007
7.79 0.0108051 0.0124124 0.000135409
7.8 0.0109246 0.0121815 0.000133868
7.81 0.0110418 0.0119516 0.000132381
7.82 0.0111568 0.0117228 0.000130949
7.83 0.0112695 0.0114952 0.00012957
7.84 0.0113799 0.0112687 0.000128243
7.85 0.0114881 0.0110433 0.000126965
7.86 0.0115941 0.0108191 0.000125737
7.87 0.0116978 0.010596 0.000124557
7.88 0.0117993 0.0103741 0.000123423
7.89 0.0118987 0.0101534 0.000122335
7.9 0.0119958 0.00993384 0.00012129
7.91 0.0120908 0.00971552 0.000120289
7.92 0.0121836 0.0094984 0.00011933
7.93 0.0122743 0.00928251 0.000118412
7.94 0.0123629 0.00906785 0.000117533
7.95 0.0124493 0.00885443 0.000116693
7.96 0.0125336 0.00864225 0.00011589
7.97 0.0126158 0.00843134 0.000115123
7.98 0.0126959 0.00822169 0.000114392
7.99 0.012774 0.00801331 0.000113694
8 0.01285 0.00780622 0.00011303
8.01 0.012924 0.00760042 0.000112398
8.02 0.0129959 0.00739592 0.000111796
8.03 0.0130658 0.00719272 0.000111225
8.04 0.0131337 0.00699083 0.000110683
8.05 0.0131996 0.00679026 0.000110169
8.06 0.0132635 0.00659102 0.000109682
8.07 0.0133255 0.00639312 0.000109221
8.08 0.0133855 0.00619655 0.000108785
8.09 0.0134436 0.00600133 0.000108373
8.1 0.0134997 0.00580746 0.000107985
8.11 0.013554 0.00561495 0.000107619
8.12 0.0136063 0.0054238 0.000107275
8.13 0.0136568 0.00523403 0.000106951
8.14 0.0137054 0.00504562 0.000106648
8.15 0.0137521 0.0048586 0.000106363
8.16 0.013797 0.00467296 0.000106097
8.17 0.01384 0.00448871 0.000105848
8.18 0.0138813 0.00430585 0.000105615
8.19 0.0139207 0.00412439 0.000105399
8.2 0.0139584 0.00394434 0.000105197
8.21 0.0139943 0.00376569 0.00010501
8.22 0.0140284 0.00358844 0.000104836
8.23 0.0140608 0.00341262 0.000104676
8.24 0.0140914 0.00323821 0.000104527
8.25 0.0141204 0.00306522 0.00010439
8.26 0.0141476 0.00289365 0.000104264
8.27 0.0141732 0.00272351 0.000104148
8.28 0.014197 0.0025548 0.000104041
8.29 0.0142192 0.00238752 0.000103944
8.3 0.0142398 0.00222167 0.000103854
8.31 0.0142588 0.00205727 0.000103772
8.32 0.0142761 0.00189429 0.000103698
8.33 0.0142918 0.00173276 0.000103629
8.34 0.014306 0.00157268 0.000103567
8.35 0.0143185 0.00141403 0.00010351
8.36 0.0143295 0.00125683 0.000103458
8.37 0.014339 0.00110108 0.00010341
8.38 0.0143469 0.000946771 0.000103366
8.39 0.0143534 0.000793914 0.000103325
8.4 0.0143583 0.000642505 0.000103287
8.41 0.0143617 0.000492546 0.000103251
8.42 0.0143637 0.000344038 0.000103217
8.43 0.0143642 0.00019698 0.000103185
8.44 0.0143633 5.13736e-05 0.000103153
8.45 0.0143609 -9.27823e-05 0.000103122
8.46 0.0143572 -0.000235487 0.000103092
8.47 0.014352 -0.000376742 0.000103061
8.48 0.0143454 -0.000516546 0.000103029
8.49 0.0143375 -0.000654901 0.000102997
8.5 0.0143283 -0.000791806 0.000102963
8.51 0.0143176 -0.000927263 0.000102927
8.52 0.0143057 -0.00106127 0.00010289
8.53 0.0142925 -0.00119384 0.00010285
8.54 0.0142779 -0.00132496 0.000102807
8.55 0.0142621 -0.00145463 0.000102761
8.56 0.014245 -0.00158286 0.000102713
8.57 0.0142266 -0.00170966 0.00010266
8.58 0.014207 -0.00183501 0.000102604
8.59 0.0141862 -0.00195893 0.000102543
8.6 0.0141642 -0.00208141 0.000102479
8.61 0.014141 -0.00220245 0.000102409
8.62 0.0141166 -0.00232207 0.000102335
8.63 0.014091 -0.00244026 0.000102256
8.64 0.0140643 -0.00255702 0.000102171
8.65 0.0140364 -0.00267236 0.000102081
8.66 0.0140074 -0.00278628 0.000101986
8.67 0.0139773 -0.00289879 0.000101885
8.68 0.0139461 -0.00300987 0.000101777
8.69 0.0139139 -0.00311955 0.000101664
8.7 0.0138805 -0.00322781 0.000101544
8.71 0.0138461 -0.00333467 0.000101418
8.72 0.0138107 -0.00344013 0.000101285
8.73 0.0137742 -0.00354419 0.000101145
8.74 0.0137367 -0.00364686 0.000100999
8.75 0.0136982 -0.00374813 0.000100845
8.76 0.0136588 -0.00384802 0.000100685
8.77 0.0136183 -0.00394652 0.000100517
8.78 0.013577 -0.00404364 0.000100342
8.79 0.0135346 -0.00413939 0.00010016
8.8 0.0134913 -0.00423376 9.99706e-05
8.81 0.0134472 -0.00432677 9.97736e-05
8.82 0.0134021 -0.00441842 9.9569e-05
8.83 0.0133561 -0.00450871 9.93569e-05
8.84 0.0133092 -0.00459764 9.91372e-05
8.85 0.0132615 -0.00468522 9.89098e-05
8.86 0.013213 -0.00477146 9.86747e-05
8.87 0.0131636 -0.00485636 9.84319e-05
8.88 0.0131133 -0.00493993 9.81814e-05
8.89 0.0130623 -0.00502217 9.79232e-05
8.9 0.0130105 -0.00510308 9.76571e-05
8.91 0.0129579 -0.00518267 9.73834e-05
8.92 0.0129045 -0.00526095 9.71019e-05
8.93 0.0128504 -0.00533792 9.68127e-05
8.94 0.0127955 -0.00541358 9.65157e-05
8.95 0.0127399 -0.00548795 9.6211e-05
8.96 0.0126835 -0.00556103 9.58987e-05
8.97 0.0126265 -0.00563282 9.55788e-05
8.98 0.0125688 -0.00570332 9.52512e-05
8.99 0.0125104 -0.00577256 9.49161e-05
9 0.0124513 -0.00584052 9.45734e-05
9.01 0.0123916 -0.00590722 9.42233e-05
9.02 0.0123312 -0.00597266 9.38658e-05
9.03 0.0122702 -0.00603685 9.35009e-05
9.04 0.0122086 -0.00609979 9.31287e-05
9.05 0.0121464 -0.00616149 9.27493e-05
9.06 0.0120836 -0.00622197 9.23628e-05
9.07 0.0120202 -0.00628121 9.19692e-05
9.08 0.0119562 -0.00633923 9.15685e-05
9.09 0.0118917 -0.00639604 9.1161e-05
9.1 0.0118266 -0.00645165 9.07466e-05
9.11 0.0117611 -0.00650605 9.03255e-05
9.12 0.0116949 -0.00655925 8.98977e-05
9.13 0.0116283 -0.00661127 8.94633e-05
9.14 0.0115612 -0.00666211 8.90225e-05
9.15 0.0114936 -0.00671177 8.85753e-05
9.16 0.0114255 -0.00676026 8.81218e-05
9.17 0.011357 -0.0068076 8.76622e-05
9.18 0.011288 -0.00685378 8.71965e-05
9.19 0.0112186 -0.00689881 8.67249e-05
9.2 0.0111487 -0.0069427 8.62474e-05
9.21 0.0110784 -0.00698546 8.57643e-05
9.22 0.0110078 -0.00702709 8.52755e-05
9.23 0.0109367 -0.0070676 8.47812e-05
9.24 0.0108652 -0.00710701 8.42815e-05
9.25 0.0107934 -0.0071453 8.37766e-05
9.26 0.0107212 -0.0071825 8.32666e-05
9.27 0.0106487 -0.00721861 8.27515e-05
9.28 0.0105758 -0.00725364 8.22316e-05
9.29 0.0105026 -0.00728759 8.17069e-05
9.3 0.0104291 -0.00732047 8.11776e-05
9.31 0.0103553 -0.00735229 8.06438e-05
9.32 0.0102811 -0.00738306 8.01056e-05
9.33 0.0102067 -0.00741278 7.95632e-05
9.34 0.010132 -0.00744147 7.90167e-05
9.35 0.0100571 -0.00746912 7.84662e-05
9.36 0.00998186 -0.00749575 7.79118e-05
9.37 0.0099064 -0.00752136 7.73538e-05
9.38 0.0098307 -0.00754597 7.67921e-05
9.39 0.00975478 -0.00756957 7.62271e-05
9.4 0.00967864 -0.00759218 7.56587e-05
9.41 0.0096023 -0.00761381 7.50871e-05
9.42 0.00952576 -0.00763446 7.45125e-05
9.43 0.00944903 -0.00765413 7.39349e-05
9.44 0.00937212 -0.00767285 7.33546e-05
9.45 0.00929505 -0.00769061 7.27717e-05
9.46 0.00921781 -0.00770743 7.21863e-05
9.47 0.00914043 -0.0077233 7.15984e-05
9.48 0.00906291 -0.00773825 7.10084e-05
9.49 0.00898526 -0.00775227 7.04162e-05
9.5 0.00890748 -0.00776538 6.98221e-05
9.51 0.00882959 -0.00777757 6.92262e-05
9.52 0.0087516 -0.00778887 6.86285e-05
9.53 0.00867351 -0.00779928 6.80293e-05
9.54 0.00859534 -0.0078088 6.74286e-05
9.55 0.00851708 -0.00781745 6.68266e-05
9.56 0.00843876 -0.00782523 6.62235e-05
9.57 0.00836038 -0.00783215 6.56192e-05
9.58 0.00828194 -0.00783821 6.50141e-05
9.59 0.00820347 -0.00784344 6.44082e-05
9.6 0.00812495 -0.00784782 6.38016e-05
9.61 0.00804641 -0.00785138 6.31944e-05
9.62 0.00796785 -0.00785411 6.25869e-05
9.63 0.00788928 -0.00785604 6.1979e-05
9.64 0.00781071 -0.00785715 6.1371e-05
9.65 0.00773214 -0.00785748 6.07629e-05
9.66 0.00765358 -0.00785701 6.01549e-05
9.67 0.00757504 -0.00785576 5.95471e-05
9.68 0.00749653 -0.00785374 5.89396e-05
9.69 0.00741806 -0.00785095 5.83325e-05
9.7 0.00733963 -0.00784741 5.77259e-05
9.71 0.00726124 -0.00784311 5.712e-05
9.72 0.00718292 -0.00783808 5.65149e-05
9.73 0.00710466 -0.00783231 5.59107e-05
9.74 0.00702648 -0.00782582 5.53074e-05
9.75 0.00694837 -0.0078186 5.47052e-05
9.76 0.00687035 -0.00781068 5.41042e-05
9.77 0.00679242 -0.00780206 5.35046e-05
9.78 0.0067146 -0.00779274 5.29063e-05
9.79 0.00663687 -0.00778274 5.23096e-05
9.8 0.00655927 -0.00777206 5.17144e-05
9.81 0.00648178 -0.00776071 5.1121e-05
9.82 0.00640442 -0.00774869 5.05294e-05
9.83 0.00632719 -0.00773602 4.99397e-05
9.84 0.00625011 -0.00772271 4.9352e-05
9.85 0.00617316 -0.00770875 4.87664e-05
9.86 0.00609637 -0.00769417 4.8183e-05
9.87 0.00601974 -0.00767896 4.76018e-05
9.88 0.00594328 -0.00766313 4.7023e-05
9.89 0.00586698 -0.0076467 4.64467e-05
9.9 0.00579086 -0.00762966 4.58729e-05
9.91 0.00571492 -0.00761203 4.53017e-05
9.92 0.00563917 -0.00759382 4.47332e-05
9.93 0.00556361 -0.00757503 4.41675e-05
9.94 0.00548826 -0.00755568 4.36046e-05
9.95 0.0054131 -0.00753575 4.30446e-05
9.96 0.00533816 -0.00751528 4.24877e-05
9.97 0.00526343 -0.00749426 4.19338e-05
9.98 0.00518893 -0.0074727 4.13831e-05
9.99 0.00511465 -0.0074506 4.08356e-05
10 0.0050406 -0.00742799 4.02913e-05
