0 0.019799 1 0.500196
0.01 0.0294 0.9799 0.480534
0.02 0.0388061 0.960104 0.461653
0.03 0.0480202 0.940608 0.443525
0.04 0.0570452 0.921408 0.426123
0.05 0.065884 0.902499 0.409423
0.06 0.0745394 0.883879 0.393399
0.07 0.0830143 0.865542 0.378028
0.08 0.0913113 0.847486 0.363285
0.09 0.0994333 0.829706 0.34915
0.1 0.107383 0.812199 0.335599
0.11 0.115163 0.794961 0.322613
0.12 0.122776 0.777988 0.310169
0.13 0.130224 0.761276 0.29825
0.14 0.13751 0.744823 0.286835
0.15 0.144637 0.728624 0.275907
0.16 0.151607 0.712677 0.265446
0.17 0.158422 0.696977 0.255437
0.18 0.165085 0.681521 0.245862
0.19 0.171598 0.666307 0.236705
0.2 0.177964 0.65133 0.227951
0.21 0.184185 0.636587 0.219584
0.22 0.190263 0.622076 0.211589
0.23 0.1962 0.607792 0.203953
0.24 0.201999 0.593734 0.196662
0.25 0.207662 0.579897 0.189702
0.26 0.213191 0.566279 0.183061
0.27 0.218587 0.552877 0.176727
0.28 0.223855 0.539688 0.170687
0.29 0.228994 0.526708 0.16493
0.3 0.234008 0.513935 0.159445
0.31 0.238898 0.501367 0.15422
0.32 0.243666 0.488999 0.149247
0.33 0.248314 0.47683 0.144514
0.34 0.252845 0.464857 0.140011
0.35 0.25726 0.453077 0.135731
0.36 0.261561 0.441487 0.131662
0.37 0.26575 0.430084 0.127798
0.38 0.269828 0.418867 0.124128
0.39 0.273798 0.407832 0.120646
0.4 0.277661 0.396977 0.117343
0.41 0.281419 0.3863 0.114212
0.42 0.285073 0.375797 0.111245
0.43 0.288626 0.365467 0.108436
0.44 0.29208 0.355307 0.105777
0.45 0.295434 0.345315 0.103262
0.46 0.298693 0.335488 0.100885
0.47 0.301856 0.325823 0.0986389
0.48 0.304926 0.31632 0.096519
0.49 0.307903 0.306975 0.0945191
0.5 0.310791 0.297786 0.0926339
0.51 0.31359 0.288752 0.090858
0.52 0.316301 0.279869 0.0891864
0.53 0.318927 0.271135 0.0876142
0.54 0.321468 0.26255 0.0861369
0.55 0.323926 0.254109 0.0847497
0.56 0.326302 0.245813 0.0834485
0.57 0.328599 0.237657 0.082229
0.58 0.330816 0.229641 0.0810872
0.59 0.332957 0.221762 0.0800192
0.6 0.335021 0.214019 0.0790214
0.61 0.33701 0.206409 0.0780901
0.62 0.338926 0.19893 0.077222
0.63 0.340769 0.191582 0.0764136
0.64 0.342542 0.184361 0.0756619
0.65 0.344245 0.177266 0.0749639
0.66 0.345879 0.170295 0.0743165
0.67 0.347447 0.163447 0.073717
0.68 0.348948 0.156719 0.0731627
0.69 0.350384 0.15011 0.072651
0.7 0.351756 0.143618 0.0721794
0.71 0.353066 0.137242 0.0717456
0.72 0.354314 0.13098 0.0713472
0.73 0.355502 0.12483 0.0709822
0.74 0.356631 0.11879 0.0706483
0.75 0.357701 0.112859 0.0703437
0.76 0.358714 0.107036 0.0700663
0.77 0.359671 0.101318 0.0698144
0.78 0.360573 0.0957043 0.0695862
0.79 0.361421 0.0901935 0.0693801
0.8 0.362216 0.0847839 0.0691944
0.81 0.362959 0.079474 0.0690275
0.82 0.36365 0.0742624 0.0688781
0.83 0.364291 0.0691476 0.0687448
0.84 0.364883 0.0641281 0.0686261
0.85 0.365427 0.0592026 0.068521
0.86 0.365923 0.0543697 0.068428
0.87 0.366373 0.0496281 0.0683461
0.88 0.366777 0.0449763 0.0682742
0.89 0.367137 0.040413 0.0682113
0.9 0.367452 0.035937 0.0681563
0.91 0.367725 0.0315469 0.0681083
0.92 0.367955 0.0272414 0.0680664
0.93 0.368143 0.0230194 0.0680298
0.94 0.368292 0.0188794 0.0679976
0.95 0.3684 0.0148204 0.0679691
0.96 0.36847 0.0108411 0.0679437
0.97 0.368501 0.00694025 0.0679205
0.98 0.368494 0.00311675 0.0678989
0.99 0.368451 -0.000630593 0.0678784
1 0.368372 -0.00430293 0.0678583
1.01 0.368258 -0.00790138 0.0678382
1.02 0.368109 -0.0114271 0.0678175
1.03 0.367927 -0.0148811 0.0677957
1.04 0.367711 -0.0182646 0.0677724
1.05 0.367463 -0.0215786 0.0677472
1.06 0.367183 -0.0248241 0.0677196
1.07 0.366871 -0.0280022 0.0676894
1.08 0.36653 -0.031114 0.0676561
1.09 0.366158 -0.0341605 0.0676194
1.1 0.365758 -0.0371425 0.0675792
1.11 0.365329 -0.0400613 0.0675349
1.12 0.364871 -0.0429176 0.0674866
1.13 0.364387 -0.0457126 0.0674338
1.14 0.363876 -0.048447 0.0673763
1.15 0.363338 -0.051122 0.0673141
1.16 0.362775 -0.0537383 0.0672469
1.17 0.362187 -0.0562969 0.0671745
1.18 0.361575 -0.0587987 0.0670969
1.19 0.360939 -0.0612446 0.0670138
1.2 0.360279 -0.0636355 0.0669252
1.21 0.359596 -0.0659721 0.0668309
1.22 0.358892 -0.0682555 0.066731
1.23 0.358165 -0.0704863 0.0666252
1.24 0.357417 -0.0726655 0.0665136
1.25 0.356648 -0.0747939 0.066396
1.26 0.355859 -0.0768722 0.0662725
1.27 0.35505 -0.0789012 0.0661431
1.28 0.354222 -0.0808818 0.0660076
1.29 0.353375 -0.0828146 0.0658661
1.3 0.35251 -0.0847006 0.0657187
1.31 0.351626 -0.0865403 0.0655652
1.32 0.350726 -0.0883346 0.0654057
1.33 0.349808 -0.0900842 0.0652403
1.34 0.348873 -0.0917897 0.0650689
1.35 0.347922 -0.093452 0.0648917
1.36 0.346956 -0.0950717 0.0647085
1.37 0.345974 -0.0966495 0.0645196
1.38 0.344977 -0.0981861 0.0643249
1.39 0.343966 -0.0996821 0.0641245
1.4 0.34294 -0.101138 0.0639185
1.41 0.341901 -0.102555 0.0637069
1.42 0.340848 -0.103933 0.0634899
1.43 0.339783 -0.105274 0.0632674
1.44 0.338704 -0.106577 0.0630395
1.45 0.337613 -0.107843 0.0628065
1.46 0.336511 -0.109073 0.0625682
1.47 0.335396 -0.110268 0.0623249
1.48 0.334271 -0.111428 0.0620766
1.49 0.333134 -0.112553 0.0618234
1.5 0.331987 -0.113645 0.0615654
1.51 0.33083 -0.114703 0.0613027
1.52 0.329663 -0.115729 0.0610354
1.53 0.328486 -0.116723 0.0607636
1.54 0.3273 -0.117685 0.0604875
1.55 0.326105 -0.118616 0.060207
1.56 0.324901 -0.119517 0.0599224
1.57 0.323689 -0.120387 0.0596337
1.58 0.322468 -0.121229 0.059341
1.59 0.32124 -0.122041 0.0590445
1.6 0.320004 -0.122825 0.0587443
1.61 0.318761 -0.123581 0.0584404
1.62 0.317511 -0.124309 0.058133
1.63 0.316254 -0.125011 0.0578221
1.64 0.314991 -0.125686 0.057508
1.65 0.313721 -0.126334 0.0571906
1.66 0.312446 -0.126958 0.0568702
1.67 0.311164 -0.127556 0.0565468
1.68 0.309877 -0.128129 0.0562205
1.69 0.308585 -0.128678 0.0558915
1.7 0.307288 -0.129203 0.0555598
1.71 0.305987 -0.129705 0.0552256
1.72 0.30468 -0.130184 0.0548889
1.73 0.303369 -0.13064 0.0545499
1.74 0.302055 -0.131074 0.0542087
1.75 0.300736 -0.131486 0.0538653
1.76 0.299413 -0.131877 0.0535199
1.77 0.298087 -0.132247 0.0531727
1.78 0.296758 -0.132596 0.0528235
1.79 0.295426 -0.132925 0.0524727
1.8 0.294091 -0.133234 0.0521203
1.81 0.292753 -0.133524 0.0517663
1.82 0.291412 -0.133794 0.0514109
1.83 0.290069 -0.134046 0.0510542
1.84 0.288724 -0.134279 0.0506963
1.85 0.287377 -0.134494 0.0503372
1.86 0.286029 -0.134691 0.0499771
1.87 0.284678 -0.134871 0.049616
1.88 0.283327 -0.135034 0.0492541
1.89 0.281974 -0.13518 0.0488914
1.9 0.280619 -0.13531 0.048528
1.91 0.279264 -0.135424 0.048164
1.92 0.277908 -0.135521 0.0477994
1.93 0.276551 -0.135603 0.0474345
1.94 0.275194 -0.13567 0.0470691
1.95 0.273837 -0.135723 0.0467035
1.96 0.272479 -0.13576 0.0463377
1.97 0.271121 -0.135783 0.0459718
1.98 0.269763 -0.135792 0.0456058
1.99 0.268405 -0.135788 0.0452398
2 0.267048 -0.13577 0.044874
2.01 0.265691 -0.135738 0.0445083
2.02 0.264334 -0.135694 0.0441428
2.03 0.262979 -0.135637 0.0437776
2.04 0.261624 -0.135568 0.0434128
2.05 0.26027 -0.135486 0.0430485
2.06 0.258917 -0.135393 0.0426846
2.07 0.257565 -0.135287 0.0423213
2.08 0.256215 -0.135171 0.0419586
2.09 0.254866 -0.135043 0.0415966
2.1 0.253518 -0.134904 0.0412354
2.11 0.252172 -0.134755 0.0408749
2.12 0.250828 -0.134595 0.0405153
2.13 0.249486 -0.134425 0.0401566
2.14 0.248145 -0.134245 0.0397988
2.15 0.246807 -0.134055 0.0394421
2.16 0.24547 -0.133855 0.0390864
2.17 0.244136 -0.133646 0.0387318
2.18 0.242804 -0.133428 0.0383784
2.19 0.241474 -0.133201 0.0380261
2.2 0.240147 -0.132965 0.0376751
2.21 0.238822 -0.13272 0.0373254
2.22 0.2375 -0.132467 0.036977
2.23 0.236181 -0.132206 0.0366299
2.24 0.234864 -0.131937 0.0362843
2.25 0.233551 -0.13166 0.0359401
2.26 0.23224 -0.131375 0.0355974
2.27 0.230932 -0.131083 0.0352562
2.28 0.229627 -0.130784 0.0349166
2.29 0.228326 -0.130478 0.0345785
2.3 0.227027 -0.130164 0.034242
2.31 0.225732 -0.129844 0.0339072
2.32 0.22444 -0.129518 0.0335741
2.33 0.223152 -0.129185 0.0332427
2.34 0.221867 -0.128845 0.032913
2.35 0.220585 -0.1285 0.032585
2.36 0.219307 -0.128149 0.0322589
2.37 0.218033 -0.127792 0.0319345
2.38 0.216762 -0.127429 0.031612
2.39 0.215495 -0.127061 0.0312913
2.4 0.214232 -0.126687 0.0309726
2.41 0.212973 -0.126308 0.0306557
2.42 0.211718 -0.125924 0.0303407
2.43 0.210466 -0.125536 0.0300276
2.44 0.209219 -0.125142 0.0297165
2.45 0.207976 -0.124744 0.0294074
2.46 0.206736 -0.124341 0.0291003
2.47 0.205501 -0.123934 0.0287952
2.48 0.20427 -0.123523 0.028492
2.49 0.203043 -0.123107 0.0281909
2.5 0.20182 -0.122688 0.0278919
2.51 0.200602 -0.122265 0.0275949
2.52 0.199388 -0.121838 0.0273
2.53 0.198178 -0.121407 0.0270071
2.54 0.196973 -0.120973 0.0267163
2.55 0.195772 -0.120535 0.0264276
2.56 0.194575 -0.120094 0.0261411
2.57 0.193383 -0.11965 0.0258566
2.58 0.192196 -0.119202 0.0255742
2.59 0.191013 -0.118752 0.025294
2.6 0.189834 -0.118299 0.0250159
2.61 0.188661 -0.117843 0.0247399
2.62 0.187491 -0.117385 0.0244661
2.63 0.186327 -0.116924 0.0241944
2.64 0.185167 -0.11646 0.0239249
2.65 0.184012 -0.115994 0.0236575
2.66 0.182861 -0.115526 0.0233922
2.67 0.181715 -0.115056 0.0231291
2.68 0.180574 -0.114583 0.0228681
2.69 0.179438 -0.114109 0.0226093
2.7 0.178306 -0.113632 0.0223527
2.71 0.177179 -0.113154 0.0220982
2.72 0.176058 -0.112674 0.0218458
2.73 0.17494 -0.112192 0.0215956
2.74 0.173828 -0.111709 0.0213476
2.75 0.172721 -0.111224 0.0211016
2.76 0.171618 -0.110738 0.0208579
2.77 0.170521 -0.11025 0.0206162
2.78 0.169428 -0.109762 0.0203767
2.79 0.16834 -0.109272 0.0201393
2.8 0.167257 -0.10878 0.0199041
2.81 0.166179 -0.108288 0.019671
2.82 0.165106 -0.107795 0.0194399
2.83 0.164038 -0.107301 0.019211
2.84 0.162975 -0.106806 0.0189842
2.85 0.161917 -0.10631 0.0187595
2.86 0.160864 -0.105814 0.0185369
2.87 0.159816 -0.105317 0.0183163
2.88 0.158772 -0.104819 0.0180979
2.89 0.157734 -0.104321 0.0178815
2.9 0.156701 -0.103822 0.0176671
2.91 0.155673 -0.103323 0.0174548
2.92 0.15465 -0.102823 0.0172446
2.93 0.153631 -0.102324 0.0170364
2.94 0.152618 -0.101824 0.0168302
2.95 0.15161 -0.101324 0.016626
2.96 0.150607 -0.100823 0.0164238
2.97 0.149608 -0.100323 0.0162237
2.98 0.148615 -0.0998226 0.0160255
2.99 0.147627 -0.0993222 0.0158293
3 0.146644 -0.0988219 0.0156351
3.01 0.145666 -0.0983217 0.0154428
3.02 0.144692 -0.0978217 0.0152525
3.03 0.143724 -0.097322 0.0150641
3.04 0.142761 -0.0968224 0.0148776
3.05 0.141803 -0.0963232 0.0146931
3.06 0.140849 -0.0958244 0.0145104
3.07 0.139901 -0.0953259 0.0143297
3.08 0.138958 -0.0948279 0.0141508
3.09 0.138019 -0.0943303 0.0139738
3.1 0.137086 -0.0938333 0.0137986
3.11 0.136158 -0.0933368 0.0136253
3.12 0.135234 -0.092841 0.0134539
3.13 0.134316 -0.0923457 0.0132842
3.14 0.133402 -0.0918511 0.0131164
3.15 0.132493 -0.0913573 0.0129503
3.16 0.13159 -0.0908642 0.0127861
3.17 0.130691 -0.0903718 0.0126236
3.18 0.129797 -0.0898803 0.0124629
3.19 0.128908 -0.0893896 0.0123039
3.2 0.128024 -0.0888998 0.0121466
3.21 0.127145 -0.0884108 0.0119911
3.22 0.12627 -0.0879229 0.0118373
3.23 0.125401 -0.0874358 0.0116852
3.24 0.124536 -0.0869498 0.0115348
3.25 0.123676 -0.0864648 0.011386
3.26 0.122821 -0.0859809 0.0112389
3.27 0.121971 -0.0854981 0.0110935
3.28 0.121126 -0.0850163 0.0109496
3.29 0.120285 -0.0845357 0.0108074
3.3 0.11945 -0.0840562 0.0106668
3.31 0.118619 -0.083578 0.0105278
3.32 0.117792 -0.0831009 0.0103904
3.33 0.116971 -0.0826251 0.0102545
3.34 0.116154 -0.0821505 0.0101202
3.35 0.115342 -0.0816772 0.00998747
3.36 0.114535 -0.0812052 0.00985623
3.37 0.113732 -0.0807345 0.00972651
3.38 0.112934 -0.0802652 0.00959829
3.39 0.112141 -0.0797972 0.00947156
3.4 0.111352 -0.0793306 0.00934631
3.41 0.110568 -0.0788654 0.00922252
3.42 0.109789 -0.0784016 0.00910018
3.43 0.109014 -0.0779392 0.00897927
3.44 0.108244 -0.0774783 0.00885979
3.45 0.107478 -0.0770189 0.00874172
3.46 0.106717 -0.076561 0.00862505
3.47 0.105961 -0.0761045 0.00850976
3.48 0.105209 -0.0756496 0.00839585
3.49 0.104461 -0.0751962 0.0082833
3.5 0.103718 -0.0747444 0.00817209
3.51 0.10298 -0.0742941 0.00806222
3.52 0.102246 -0.0738454 0.00795367
3.53 0.101516 -0.0733983 0.00784642
3.54 0.100791 -0.0729528 0.00774048
3.55 0.10007 -0.0725089 0.00763582
3.56 0.0993542 -0.0720666 0.00753243
3.57 0.0986423 -0.071626 0.00743029
3.58 0.0979348 -0.071187 0.00732941
3.59 0.0972317 -0.0707497 0.00722976
3.6 0.0965329 -0.0703141 0.00713133
3.61 0.0958384 -0.0698801 0.00703411
3.62 0.0951482 -0.0694478 0.00693809
3.63 0.0944623 -0.0690172 0.00684326
3.64 0.0937807 -0.0685884 0.00674959
3.65 0.0931034 -0.0681612 0.0066571
3.66 0.0924302 -0.0677358 0.00656575
3.67 0.0917613 -0.0673121 0.00647553
3.68 0.0910966 -0.0668902 0.00638645
3.69 0.0904361 -0.06647 0.00629848
3.7 0.0897798 -0.0660516 0.00621161
3.71 0.0891276 -0.0656349 0.00612583
3.72 0.0884795 -0.06522 0.00604114
3.73 0.0878356 -0.0648069 0.00595751
3.74 0.0871957 -0.0643955 0.00587494
3.75 0.0865599 -0.063986 0.00579341
3.76 0.0859282 -0.0635782 0.00571292
3.77 0.0853005 -0.0631723 0.00563345
3.78 0.0846769 -0.0627681 0.005555
3.79 0.0840572 -0.0623657 0.00547755
3.8 0.0834415 -0.0619652 0.00540109
3.81 0.0828298 -0.0615665 0.00532561
3.82 0.0822221 -0.0611695 0.00525109
3.83 0.0816183 -0.0607744 0.00517754
3.84 0.0810184 -0.0603812 0.00510493
3.85 0.0804224 -0.0599897 0.00503326
3.86 0.0798303 -0.0596001 0.00496252
3.87 0.079242 -0.0592123 0.0048927
3.88 0.0786576 -0.0588264 0.00482378
3.89 0.078077 -0.0584423 0.00475576
3.9 0.0775002 -0.05806 0.00468862
3.91 0.0769272 -0.0576796 0.00462236
3.92 0.0763579 -0.057301 0.00455697
3.93 0.0757924 -0.0569243 0.00449243
3.94 0.0752307 -0.0565494 0.00442874
3.95 0.0746726 -0.0561763 0.00436589
3.96 0.0741183 -0.0558051 0.00430386
3.97 0.0735676 -0.0554357 0.00424265
3.98 0.0730206 -0.0550682 0.00418225
3.99 0.0724772 -0.0547025 0.00412265
4 0.0719374 -0.0543386 0.00406384
4.01 0.0714012 -0.0539766 0.00400581
4.02 0.0708687 -0.0536165 0.00394855
4.03 0.0703396 -0.0532582 0.00389205
4.04 0.0698142 -0.0529017 0.0038363
4.05 0.0692922 -0.052547 0.0037813
4.06 0.0687738 -0.0521942 0.00372704
4.07 0.0682589 -0.0518433 0.0036735
4.08 0.0677474 -0.0514942 0.00362068
4.09 0.0672394 -0.0511469 0.00356857
4.1 0.0667348 -0.0508014 0.00351716
4.11 0.0662336 -0.0504578 0.00346644
4.12 0.0657359 -0.050116 0.00341641
4.13 0.0652415 -0.049776 0.00336705
4.14 0.0647505 -0.0494378 0.00331836
4.15 0.0642628 -0.0491015 0.00327033
4.16 0.0637785 -0.0487669 0.00322295
4.17 0.0632974 -0.0484342 0.00317622
4.18 0.0628197 -0.0481033 0.00313012
4.19 0.0623452 -0.0477742 0.00308465
4.2 0.061874 -0.047447 0.0030398
4.21 0.061406 -0.0471215 0.00299557
4.22 0.0609413 -0.0467978 0.00295194
4.23 0.0604797 -0.0464759 0.0029089
4.24 0.0600213 -0.0461558 0.00286646
4.25 0.0595661 -0.0458375 0.0028246
4.26 0.0591141 -0.0455209 0.00278331
4.27 0.0586651 -0.0452062 0.0027426
4.28 0.0582193 -0.0448932 0.00270244
4.29 0.0577766 -0.044582 0.00266284
4.3 0.0573369 -0.0442725 0.00262379
4.31 0.0569004 -0.0439648 0.00258528
4.32 0.0564668 -0.0436589 0.0025473
4.33 0.0560363 -0.0433547 0.00250985
4.34 0.0556088 -0.0430523 0.00247292
4.35 0.0551842 -0.0427516 0.0024365
4.36 0.0547627 -0.0424527 0.00240059
4.37 0.0543441 -0.0421555 0.00236518
4.38 0.0539284 -0.04186 0.00233027
4.39 0.0535157 -0.0415662 0.00229584
4.4 0.0531058 -0.0412742 0.00226189
4.41 0.0526989 -0.0409839 0.00222842
4.42 0.0522948 -0.0406952 0.00219542
4.43 0.0518936 -0.0404083 0.00216289
4.44 0.0514952 -0.0401231 0.00213081
4.45 0.0510996 -0.0398396 0.00209918
4.46 0.0507068 -0.0395577 0.002068
4.47 0.0503168 -0.0392776 0.00203726
4.48 0.0499296 -0.0389991 0.00200695
4.49 0.0495451 -0.0387223 0.00197707
4.5 0.0491634 -0.0384471 0.00194761
4.51 0.0487844 -0.0381736 0.00191857
4.52 0.0484081 -0.0379018 0.00188994
4.53 0.0480344 -0.0376316 0.00186172
4.54 0.0476635 -0.0373631 0.0018339
4.55 0.0472952 -0.0370961 0.00180648
4.56 0.0469295 -0.0368309 0.00177944
4.57 0.0465664 -0.0365672 0.0017528
4.58 0.046206 -0.0363051 0.00172653
4.59 0.0458481 -0.0360447 0.00170064
4.6 0.0454929 -0.0357859 0.00167511
4.61 0.0451401 -0.0355286 0.00164996
4.62 0.0447899 -0.035273 0.00162516
4.63 0.0444423 -0.0350189 0.00160072
4.64 0.0440971 -0.0347665 0.00157663
4.65 0.0437545 -0.0345155 0.00155289
4.66 0.0434143 -0.0342662 0.00152949
4.67 0.0430765 -0.0340184 0.00150642
4.68 0.0427413 -0.0337722 0.00148369
4.69 0.0424084 -0.0335275 0.00146128
4.7 0.042078 -0.0332844 0.0014392
4.71 0.04175 -0.0330428 0.00141744
4.72 0.0414243 -0.0328027 0.001396
4.73 0.0411011 -0.0325642 0.00137486
4.74 0.0407801 -0.0323271 0.00135403
4.75 0.0404616 -0.0320916 0.0013335
4.76 0.0401453 -0.0318576 0.00131328
4.77 0.0398314 -0.031625 0.00129334
4.78 0.0395197 -0.031394 0.0012737
4.79 0.0392104 -0.0311644 0.00125434
4.8 0.0389033 -0.0309363 0.00123526
4.81 0.0385984 -0.0307097 0.00121646
4.82 0.0382958 -0.0304845 0.00119794
4.83 0.0379954 -0.0302608 0.00117969
4.84 0.0376973 -0.0300386 0.0011617
4.85 0.0374013 -0.0298177 0.00114398
4.86 0.0371075 -0.0295984 0.00112651
4.87 0.0368158 -0.0293804 0.00110931
4.88 0.0365263 -0.0291639 0.00109235
4.89 0.036239 -0.0289488 0.00107565
4.9 0.0359538 -0.028735 0.00105919
4.91 0.0356706 -0.0285227 0.00104297
4.92 0.0353896 -0.0283118 0.00102699
4.93 0.0351107 -0.0281023 0.00101125
4.94 0.0348338 -0.0278941 0.000995739
4.95 0.034559 -0.0276874 0.000980457
4.96 0.0342862 -0.027482 0.000965401
4.97 0.0340155 -0.0272779 0.000950568
4.98 0.0337467 -0.0270752 0.000935954
4.99 0.03348 -0.0268739 0.000921557
5 0.0332152 -0.0266738 0.000907373
5.01 0.0329525 -0.0264752 0.000893399
5.02 0.0326916 -0.0262778 0.000879633
5.03 0.0324328 -0.0260818 0.000866072
5.04 0.0321758 -0.0258871 0.000852712
5.05 0.0319208 -0.0256937 0.000839551
5.06 0.0316677 -0.0255015 0.000826586
5.07 0.0314165 -0.0253107 0.000813814
5.08 0.0311672 -0.0251212 0.000801233
5.09 0.0309197 -0.0249329 0.000788839
5.1 0.0306741 -0.0247459 0.000776631
5.11 0.0304303 -0.0245602 0.000764605
5.12 0.0301884 -0.0243757 0.000752759
5.13 0.0299483 -0.0241925 0.00074109
5.14 0.02971 -0.0240106 0.000729596
5.15 0.0294735 -0.0238298 0.000718275
5.16 0.0292388 -0.0236503 0.000707123
5.17 0.0290058 -0.0234721 0.000696139
5.18 0.0287746 -0.023295 0.000685319
5.19 0.0285452 -0.0231192 0.000674663
5.2 0.0283175 -0.0229445 0.000664166
5.21 0.0280915 -0.0227711 0.000653828
5.22 0.0278672 -0.0225989 0.000643645
5.23 0.0276446 -0.0224278 0.000633616
5.24 0.0274238 -0.0222579 0.000623738
5.25 0.0272045 -0.0220892 0.00061401
5.26 0.026987 -0.0219217 0.000604428
5.27 0.0267711 -0.0217553 0.000594991
5.28 0.0265568 -0.02159 0.000585697
5.29 0.0263442 -0.0214259 0.000576544
5.3 0.0261332 -0.021263 0.000567529
5.31 0.0259238 -0.0211012 0.000558651
5.32 0.025716 -0.0209405 0.000549907
5.33 0.0255097 -0.0207809 0.000541297
5.34 0.0253051 -0.0206224 0.000532817
5.35 0.025102 -0.0204651 0.000524466
5.36 0.0249005 -0.0203088 0.000516241
5.37 0.0247005 -0.0201537 0.000508142
5.38 0.024502 -0.0199996 0.000500167
5.39 0.0243051 -0.0198466 0.000492312
5.4 0.0241096 -0.0196947 0.000484578
5.41 0.0239157 -0.0195439 0.000476961
5.42 0.0237232 -0.0193941 0.000469461
5.43 0.0235323 -0.0192454 0.000462076
5.44 0.0233427 -0.0190977 0.000454803
5.45 0.0231547 -0.0189511 0.000447641
5.46 0.0229681 -0.0188055 0.000440589
5.47 0.0227829 -0.0186609 0.000433645
5.48 0.0225992 -0.0185174 0.000426807
5.49 0.0224168 -0.0183749 0.000420075
5.5 0.0222359 -0.0182333 0.000413445
5.51 0.0220564 -0.0180928 0.000406917
5.52 0.0218782 -0.0179533 0.000400489
5.53 0.0217014 -0.0178148 0.000394161
5.54 0.021526 -0.0176773 0.000387929
5.55 0.021352 -0.0175408 0.000381793
5.56 0.0211793 -0.0174052 0.000375752
5.57 0.0210079 -0.0172707 0.000369804
5.58 0.0208379 -0.017137 0.000363947
5.59 0.0206691 -0.0170044 0.000358181
5.6 0.0205017 -0.0168727 0.000352503
5.61 0.0203356 -0.0167419 0.000346914
5.62 0.0201708 -0.0166121 0.00034141
5.63 0.0200072 -0.0164832 0.000335992
5.64 0.0198449 -0.0163552 0.000330657
5.65 0.0196839 -0.0162282 0.000325405
5.66 0.0195241 -0.0161021 0.000320235
5.67 0.0193656 -0.0159769 0.000315144
5.68 0.0192083 -0.0158526 0.000310132
5.69 0.0190522 -0.0157292 0.000305198
5.7 0.0188974 -0.0156067 0.00030034
5.71 0.0187438 -0.0154851 0.000295558
5.72 0.0185913 -0.0153644 0.00029085
5.73 0.0184401 -0.0152445 0.000286215
5.74 0.01829 -0.0151255 0.000281653
5.75 0.0181411 -0.0150074 0.000277161
5.76 0.0179933 -0.0148902 0.000272739
5.77 0.0178468 -0.0147738 0.000268386
5.78 0.0177013 -0.0146582 0.0002641
5.79 0.017557 -0.0145435 0.000259882
5.8 0.0174139 -0.0144297 0.000255729
5.81 0.0172718 -0.0143167 0.000251641
5.82 0.0171309 -0.0142045 0.000247617
5.83 0.0169911 -0.0140931 0.000243656
5.84 0.0168523 -0.0139825 0.000239756
5.85 0.0167147 -0.0138728 0.000235918
5.86 0.0165781 -0.0137639 0.000232139
5.87 0.0164426 -0.0136557 0.00022842
5.88 0.0163082 -0.0135484 0.000224759
5.89 0.0161749 -0.0134419 0.000221155
5.9 0.0160426 -0.0133361 0.000217608
5.91 0.0159113 -0.0132311 0.000214116
5.92 0.0157811 -0.0131269 0.000210679
5.93 0.0156518 -0.0130235 0.000207296
5.94 0.0155237 -0.0129209 0.000203966
5.95 0.0153965 -0.012819 0.000200689
5.96 0.0152703 -0.0127178 0.000197462
5.97 0.0151451 -0.0126174 0.000194287
5.98 0.0150209 -0.0125178 0.000191162
5.99 0.0148977 -0.0124189 0.000188085
6 0.0147755 -0.0123207 0.000185057
6.01 0.0146542 -0.0122233 0.000182077
6.02 0.0145339 -0.0121266 0.000179144
6.03 0.0144146 -0.0120306 0.000176257
6.04 0.0142962 -0.0119353 0.000173416
6.05 0.0141787 -0.0118407 0.000170619
6.06 0.0140622 -0.0117469 0.000167867
6.07 0.0139465 -0.0116537 0.000165158
6.08 0.0138319 -0.0115613 0.000162492
6.09 0.0137181 -0.0114695 0.000159868
6.1 0.0136052 -0.0113784 0.000157285
6.11 0.0134932 -0.0112881 0.000154743
6.12 0.0133821 -0.0111983 0.000152242
6.13 0.0132719 -0.0111093 0.00014978
6.14 0.0131626 -0.0110209 0.000147357
6.15 0.0130541 -0.0109332 0.000144973
6.16 0.0129465 -0.0108462 0.000142626
6.17 0.0128398 -0.0107598 0.000140317
6.18 0.0127339 -0.0106741 0.000138044
6.19 0.0126288 -0.010589 0.000135807
6.2 0.0125246 -0.0105046 0.000133606
6.21 0.0124212 -0.0104208 0.00013144
6.22 0.0123187 -0.0103376 0.000129308
6.23 0.012217 -0.0102551 0.00012721
6.24 0.012116 -0.0101731 0.000125146
6.25 0.0120159 -0.0100918 0.000123114
6.26 0.0119166 -0.0100112 0.000121115
6.27 0.0118181 -0.00993111 0.000119147
6.28 0.0117204 -0.00985165 0.000117211
6.29 0.0116234 -0.0097728 0.000115306
6.3 0.0115273 -0.00969455 0.000113431
6.31 0.0114319 -0.00961689 0.000111586
6.32 0.0113372 -0.00953983 0.000109771
6.33 0.0112434 -0.00946335 0.000107984
6.34 0.0111502 -0.00938745 0.000106226
6.35 0.0110579 -0.00931214 0.000104496
6.36 0.0109662 -0.0092374 0.000102794
6.37 0.0108753 -0.00916323 0.000101119
6.38 0.0107852 -0.00908963 9.94706e-05
6.39 0.0106957 -0.00901659 9.78487e-05
6.4 0.010607 -0.00894411 9.62528e-05
6.41 0.010519 -0.00887218 9.46825e-05
6.42 0.0104317 -0.00880081 9.31373e-05
6.43 0.0103451 -0.00872998 9.16169e-05
6.44 0.0102592 -0.0086597 9.01208e-05
6.45 0.010174 -0.00858996 8.86488e-05
6.46 0.0100895 -0.00852075 8.72003e-05
6.47 0.0100056 -0.00845207 8.57751e-05
6.48 0.00992247 -0.00838393 8.43728e-05
6.49 0.00983998 -0.00831631 8.29931e-05
6.5 0.00975815 -0.0082492 8.16355e-05
6.51 0.00967699 -0.00818262 8.02997e-05
6.52 0.00959648 -0.00811655 7.89854e-05
6.53 0.00951662 -0.00805099 7.76922e-05
6.54 0.0094374 -0.00798593 7.64199e-05
6.55 0.00935883 -0.00792138 7.5168e-05
6.56 0.00928089 -0.00785733 7.39363e-05
6.57 0.00920359 -0.00779377 7.27244e-05
6.58 0.0091269 -0.0077307 7.15321e-05
6.59 0.00905084 -0.00766812 7.0359e-05
6.6 0.0089754 -0.00760603 6.92048e-05
6.61 0.00890057 -0.00754442 6.80692e-05
6.62 0.00882634 -0.00748328 6.69519e-05
6.63 0.00875272 -0.00742262 6.58527e-05
6.64 0.00867969 -0.00736243 6.47712e-05
6.65 0.00860725 -0.00730271 6.37072e-05
6.66 0.00853541 -0.00724346 6.26604e-05
6.67 0.00846415 -0.00718466 6.16305e-05
6.68 0.00839346 -0.00712632 6.06173e-05
6.69 0.00832335 -0.00706844 5.96205e-05
6.7 0.00825381 -0.007011 5.86398e-05
6.71 0.00818484 -0.00695401 5.76749e-05
6.72 0.00811642 -0.00689747 5.67257e-05
6.73 0.00804857 -0.00684137 5.57919e-05
6.74 0.00798126 -0.00678571 5.48732e-05
6.75 0.0079145 -0.00673048 5.39694e-05
6.76 0.00784829 -0.00667568 5.30802e-05
6.77 0.00778262 -0.00662131 5.22055e-05
6.78 0.00771748 -0.00656737 5.13449e-05
6.79 0.00765287 -0.00651385 5.04983e-05
6.8 0.00758879 -0.00646075 4.96655e-05
6.81 0.00752523 -0.00640806 4.88462e-05
6.82 0.00746219 -0.00635579 4.80402e-05
6.83 0.00739967 -0.00630392 4.72473e-05
6.84 0.00733765 -0.00625247 4.64673e-05
6.85 0.00727615 -0.00620142 4.56999e-05
6.86 0.00721514 -0.00615076 4.49451e-05
6.87 0.00715463 -0.00610051 4.42025e-05
6.88 0.00709462 -0.00605065 4.3472e-05
6.89 0.0070351 -0.00600118 4.27534e-05
6.9 0.00697607 -0.00595211 4.20465e-05
6.91 0.00691752 -0.00590342 4.13512e-05
6.92 0.00685944 -0.00585511 4.06671e-05
6.93 0.00680185 -0.00580718 3.99942e-05
6.94 0.00674472 -0.00575963 3.93323e-05
6.95 0.00668807 -0.00571246 3.86812e-05
6.96 0.00663188 -0.00566566 3.80407e-05
6.97 0.00657614 -0.00561922 3.74107e-05
6.98 0.00652087 -0.00557316 3.67909e-05
6.99 0.00646605 -0.00552746 3.61813e-05
7 0.00641168 -0.00548212 3.55816e-05
7.01 0.00635775 -0.00543713 3.49917e-05
7.02 0.00630427 -0.00539251 3.44115e-05
7.03 0.00625123 -0.00534824 3.38407e-05
7.04 0.00619862 -0.00530431 3.32793e-05
7.05 0.00614644 -0.00526074 3.27271e-05
7.06 0.0060947 -0.00521751 3.21839e-05
7.07 0.00604338 -0.00517462 3.16496e-05
7.08 0.00599248 -0.00513208 3.1124e-05
7.09 0.005942 -0.00508987 3.06071e-05
7.1 0.00589193 -0.005048 3.00986e-05
7.11 0.00584228 -0.00500646 2.95984e-05
7.12 0.00579304 -0.00496525 2.91065e-05
7.13 0.0057442 -0.00492437 2.86226e-05
7.14 0.00569576 -0.00488381 2.81467e-05
7.15 0.00564773 -0.00484358 2.76785e-05
7.16 0.00560009 -0.00480366 2.72181e-05
7.17 0.00555284 -0.00476407 2.67652e-05
7.18 0.00550598 -0.00472479 2.63197e-05
7.19 0.00545951 -0.00468582 2.58816e-05
7.2 0.00541342 -0.00464716 2.54506e-05
7.21 0.00536771 -0.00460881 2.50267e-05
7.22 0.00532238 -0.00457077 2.46099e-05
7.23 0.00527743 -0.00453303 2.41998e-05
7.24 0.00523284 -0.0044956 2.37965e-05
7.25 0.00518863 -0.00445846 2.33998e-05
7.26 0.00514477 -0.00442162 2.30097e-05
7.27 0.00510129 -0.00438507 2.2626e-05
7.28 0.00505816 -0.00434882 2.22486e-05
7.29 0.00501539 -0.00431285 2.18774e-05
7.3 0.00497297 -0.00427718 2.15123e-05
7.31 0.0049309 -0.00424179 2.11533e-05
7.32 0.00488918 -0.00420668 2.08001e-05
7.33 0.00484781 -0.00417186 2.04528e-05
7.34 0.00480678 -0.00413731 2.01112e-05
7.35 0.00476609 -0.00410304 1.97753e-05
7.36 0.00472574 -0.00406905 1.94449e-05
7.37 0.00468572 -0.00403533 1.91199e-05
7.38 0.00464603 -0.00400188 1.88003e-05
7.39 0.00460667 -0.0039687 1.8486e-05
7.4 0.00456764 -0.00393579 1.81769e-05
7.41 0.00452893 -0.00390314 1.78729e-05
7.42 0.00449055 -0.00387075 1.75739e-05
7.43 0.00445248 -0.00383863 1.72798e-05
7.44 0.00441473 -0.00380676 1.69906e-05
7.45 0.00437729 -0.00377515 1.67062e-05
7.46 0.00434016 -0.00374379 1.64265e-05
7.47 0.00430334 -0.00371269 1.61514e-05
7.48 0.00426683 -0.00368184 1.58809e-05
7.49 0.00423062 -0.00365124 1.56148e-05
7.5 0.00419472 -0.00362088 1.53532e-05
7.51 0.00415911 -0.00359077 1.50959e-05
7.52 0.00412379 -0.0035609 1.48428e-05
7.53 0.00408877 -0.00353127 1.4594e-05
7.54 0.00405405 -0.00350188 1.43492e-05
7.55 0.00401961 -0.00347273 1.41086e-05
7.56 0.00398546 -0.00344382 1.38719e-05
7.57 0.00395159 -0.00341514 1.36391e-05
7.58 0.00391801 -0.00338669 1.34102e-05
7.59 0.0038847 -0.00335847 1.31851e-05
7.6 0.00385167 -0.00333048 1.29638e-05
7.61 0.00381892 -0.00330272 1.27461e-05
7.62 0.00378644 -0.00327518 1.2532e-05
7.63 0.00375424 -0.00324787 1.23215e-05
7.64 0.0037223 -0.00322078 1.21144e-05
7.65 0.00369062 -0.0031939 1.19109e-05
7.66 0.00365922 -0.00316725 1.17107e-05
7.67 0.00362807 -0.00314081 1.15138e-05
7.68 0.00359718 -0.00311459 1.13202e-05
7.69 0.00356656 -0.00308857 1.11298e-05
7.7 0.00353619 -0.00306278 1.09426e-05
7.71 0.00350607 -0.00303719 1.07585e-05
7.72 0.0034762 -0.0030118 1.05775e-05
7.73 0.00344658 -0.00298663 1.03994e-05
7.74 0.00341722 -0.00296166 1.02244e-05
7.75 0.00338809 -0.00293689 1.00522e-05
7.76 0.00335921 -0.00291232 9.88297e-06
7.77 0.00333057 -0.00288796 9.71652e-06
7.78 0.00330218 -0.00286379 9.55284e-06
7.79 0.00327402 -0.00283982 9.39188e-06
7.8 0.00324609 -0.00281605 9.23361e-06
7.81 0.0032184 -0.00279247 9.07798e-06
7.82 0.00319094 -0.00276908 8.92495e-06
7.83 0.00316371 -0.00274588 8.77447e-06
7.84 0.00313671 -0.00272287 8.6265e-06
7.85 0.00310994 -0.00270005 8.481e-06
7.86 0.00308339 -0.00267742 8.33793e-06
7.87 0.00305706 -0.00265497 8.19724e-06
7.88 0.00303096 -0.0026327 8.05891e-06
7.89 0.00300507 -0.00261062 7.92289e-06
7.9 0.0029794 -0.00258872 7.78913e-06
7.91 0.00295394 -0.00256699 7.65762e-06
7.92 0.0029287 -0.00254545 7.5283e-06
7.93 0.00290367 -0.00252408 7.40115e-06
7.94 0.00287886 -0.00250288 7.27612e-06
7.95 0.00285425 -0.00248186 7.15318e-06
7.96 0.00282984 -0.00246101 7.0323e-06
7.97 0.00280564 -0.00244034 6.91344e-06
7.98 0.00278165 -0.00241983 6.79657e-06
7.99 0.00275786 -0.00239949 6.68165e-06
8 0.00273426 -0.00237931 6.56866e-06
8.01 0.00271087 -0.00235931 6.45757e-06
8.02 0.00268767 -0.00233946 6.34833e-06
8.03 0.00266467 -0.00231978 6.24092e-06
8.04 0.00264186 -0.00230026 6.13531e-06
8.05 0.00261924 -0.00228091 6.03148e-06
8.06 0.00259681 -0.00226171 5.92938e-06
8.07 0.00257458 -0.00224266 5.82899e-06
8.08 0.00255253 -0.00222378 5.73029e-06
8.09 0.00253066 -0.00220505 5.63324e-06
8.1 0.00250898 -0.00218647 5.53783e-06
8.11 0.00248748 -0.00216805 5.44401e-06
8.12 0.00246617 -0.00214978 5.35176e-06
8.13 0.00244503 -0.00213166 5.26107e-06
8.14 0.00242407 -0.00211369 5.1719e-06
8.15 0.00240329 -0.00209586 5.08422e-06
8.16 0.00238268 -0.00207819 4.99802e-06
8.17 0.00236225 -0.00206066 4.91326e-06
8.18 0.00234199 -0.00204327 4.82993e-06
8.19 0.0023219 -0.00202603 4.748e-06
8.2 0.00230198 -0.00200893 4.66745e-06
8.21 0.00228223 -0.00199197 4.58825e-06
8.22 0.00226264 -0.00197515 4.51038e-06
8.23 0.00224323 -0.00195847 4.43383e-06
8.24 0.00222397 -0.00194192 4.35856e-06
8.25 0.00220488 -0.00192552 4.28455e-06
8.26 0.00218595 -0.00190925 4.21179e-06
8.27 0.00216718 -0.00189311 4.14026e-06
8.28 0.00214856 -0.00187711 4.06993e-06
8.29 0.00213011 -0.00186124 4.00078e-06
8.3 0.00211181 -0.0018455 3.9328e-06
8.31 0.00209367 -0.00182989 3.86597e-06
8.32 0.00207567 -0.00181441 3.80025e-06
8.33 0.00205784 -0.00179906 3.73565e-06
8.34 0.00204015 -0.00178383 3.67214e-06
8.35 0.00202261 -0.00176874 3.60969e-06
8.36 0.00200522 -0.00175376 3.5483e-06
8.37 0.00198798 -0.00173891 3.48794e-06
8.38 0.00197088 -0.00172419 3.4286e-06
8.39 0.00195393 -0.00170958 3.37027e-06
8.4 0.00193713 -0.0016951 3.31291e-06
8.41 0.00192046 -0.00168074 3.25653e-06
8.42 0.00190394 -0.00166649 3.20109e-06
8.43 0.00188755 -0.00165237 3.14659e-06
8.44 0.00187131 -0.00163836 3.09301e-06
8.45 0.0018552 -0.00162447 3.04034e-06
8.46 0.00183923 -0.00161069 2.98855e-06
8.47 0.0018234 -0.00159703 2.93764e-06
8.48 0.0018077 -0.00158348 2.88759e-06
8.49 0.00179213 -0.00157005 2.83839e-06
8.5 0.00177669 -0.00155672 2.79002e-06
8.51 0.00176139 -0.00154351 2.74246e-06
8.52 0.00174622 -0.00153041 2.69571e-06
8.53 0.00173117 -0.00151741 2.64975e-06
8.54 0.00171625 -0.00150453 2.60456e-06
8.55 0.00170146 -0.00149175 2.56014e-06
8.56 0.0016868 -0.00147908 2.51647e-06
8.57 0.00167226 -0.00146651 2.47355e-06
8.58 0.00165784 -0.00145405 2.43134e-06
8.59 0.00164355 -0.00144169 2.38985e-06
8.6 0.00162937 -0.00142943 2.34907e-06
8.61 0.00161532 -0.00141728 2.30897e-06
8.62 0.00160139 -0.00140523 2.26955e-06
8.63 0.00158757 -0.00139328 2.2308e-06
8.64 0.00157388 -0.00138142 2.19271e-06
8.65 0.0015603 -0.00136967 2.15526e-06
8.66 0.00154683 -0.00135802 2.11845e-06
8.67 0.00153348 -0.00134646 2.08226e-06
8.68 0.00152025 -0.001335 2.04669e-06
8.69 0.00150712 -0.00132363 2.01171e-06
8.7 0.00149411 -0.00131236 1.97733e-06
8.71 0.00148121 -0.00130119 1.94354e-06
8.72 0.00146842 -0.0012901 1.91031e-06
8.73 0.00145574 -0.00127911 1.87765e-06
8.74 0.00144316 -0.00126822 1.84555e-06
8.75 0.0014307 -0.00125741 1.81398e-06
8.76 0.00141833 -0.00124669 1.78296e-06
8.77 0.00140608 -0.00123607 1.75246e-06
8.78 0.00139393 -0.00122553 1.72248e-06
8.79 0.00138188 -0.00121508 1.69301e-06
8.8 0.00136994 -0.00120472 1.66403e-06
8.81 0.00135809 -0.00119444 1.63555e-06
8.82 0.00134635 -0.00118425 1.60756e-06
8.83 0.00133471 -0.00117415 1.58004e-06
8.84 0.00132317 -0.00116413 1.55299e-06
8.85 0.00131173 -0.00115419 1.52639e-06
8.86 0.00130038 -0.00114434 1.50025e-06
8.87 0.00128913 -0.00113457 1.47456e-06
8.88 0.00127798 -0.00112488 1.4493e-06
8.89 0.00126692 -0.00111528 1.42447e-06
8.9 0.00125596 -0.00110575 1.40006e-06
8.91 0.00124509 -0.00109631 1.37607e-06
8.92 0.00123431 -0.00108694 1.35248e-06
8.93 0.00122363 -0.00107765 1.3293e-06
8.94 0.00121304 -0.00106844 1.30651e-06
8.95 0.00120253 -0.00105931 1.28411e-06
8.96 0.00119212 -0.00105025 1.26209e-06
8.97 0.0011818 -0.00104127 1.24045e-06
8.98 0.00117156 -0.00103237 1.21917e-06
8.99 0.00116141 -0.00102354 1.19826e-06
9 0.00115135 -0.00101478 1.1777e-06
9.01 0.00114138 -0.0010061 1.15749e-06
9.02 0.00113149 -0.000997494 1.13763e-06
9.03 0.00112168 -0.000988958 1.1181e-06
9.04 0.00111196 -0.000980493 1.09891e-06
9.05 0.00110232 -0.0009721 1.08005e-06
9.06 0.00109277 -0.000963778 1.06151e-06
9.07 0.0010833 -0.000955526 1.04328e-06
9.08 0.0010739 -0.000947343 1.02536e-06
9.09 0.00106459 -0.000939229 1.00775e-06
9.1 0.00105536 -0.000931183 9.90442e-07
9.11 0.00104621 -0.000923206 9.73428e-07
9.12 0.00103713 -0.000915295 9.56703e-07
9.13 0.00102813 -0.000907451 9.40264e-07
9.14 0.00101922 -0.000899674 9.24106e-07
9.15 0.00101037 -0.000891961 9.08223e-07
9.16 0.0010016 -0.000884314 8.92612e-07
9.17 0.000992912 -0.000876732 8.77267e-07
9.18 0.000984295 -0.000869213 8.62184e-07
9.19 0.000975751 -0.000861758 8.47359e-07
9.2 0.000967281 -0.000854366 8.32787e-07
9.21 0.000958883 -0.000847036 8.18463e-07
9.22 0.000950558 -0.000839768 8.04385e-07
9.23 0.000942303 -0.000832562 7.90547e-07
9.24 0.00093412 -0.000825416 7.76946e-07
9.25 0.000926007 -0.000818331 7.63577e-07
9.26 0.000917964 -0.000811305 7.50437e-07
9.27 0.000909989 -0.000804339 7.37521e-07
9.28 0.000902083 -0.000797432 7.24826e-07
9.29 0.000894246 -0.000790583 7.12349e-07
9.3 0.000886475 -0.000783792 7.00084e-07
9.31 0.000878771 -0.000777059 6.8803e-07
9.32 0.000871134 -0.000770383 6.76181e-07
9.33 0.000863562 -0.000763763 6.64536e-07
9.34 0.000856055 -0.000757199 6.5309e-07
9.35 0.000848612 -0.00075069 6.41839e-07
9.36 0.000841234 -0.000744237 6.30782e-07
9.37 0.000833919 -0.000737839 6.19913e-07
9.38 0.000826667 -0.000731494 6.09231e-07
9.39 0.000819477 -0.000725203 5.98731e-07
9.4 0.000812349 -0.000718966 5.88412e-07
9.41 0.000805283 -0.000712781 5.78269e-07
9.42 0.000798277 -0.000706649 5.683e-07
9.43 0.000791332 -0.000700569 5.58502e-07
9.44 0.000784446 -0.000694541 5.48871e-07
9.45 0.00077762 -0.000688563 5.39406e-07
9.46 0.000770852 -0.000682636 5.30103e-07
9.47 0.000764143 -0.00067676 5.20959e-07
9.48 0.000757491 -0.000670933 5.11972e-07
9.49 0.000750897 -0.000665156 5.03139e-07
9.5 0.00074436 -0.000659428 4.94458e-07
9.51 0.000737878 -0.000653748 4.85926e-07
9.52 0.000731453 -0.000648117 4.77539e-07
9.53 0.000725083 -0.000642533 4.69297e-07
9.54 0.000718768 -0.000636997 4.61196e-07
9.55 0.000712507 -0.000631508 4.53234e-07
9.56 0.000706301 -0.000626065 4.45409e-07
9.57 0.000700147 -0.000620669 4.37718e-07
9.58 0.000694047 -0.000615319 4.30159e-07
9.59 0.000688 -0.000610014 4.2273e-07
9.6 0.000682004 -0.000604754 4.15429e-07
9.61 0.000676061 -0.000599539 4.08253e-07
9.62 0.000670168 -0.000594368 4.012e-07
9.63 0.000664327 -0.000589242 3.94268e-07
9.64 0.000658536 -0.000584158 3.87455e-07
9.65 0.000652794 -0.000579118 3.80759e-07
9.66 0.000647103 -0.000574121 3.74179e-07
9.67 0.00064146 -0.000569167 3.67711e-07
9.68 0.000635866 -0.000564255 3.61355e-07
9.69 0.000630321 -0.000559384 3.55107e-07
9.7 0.000624823 -0.000554555 3.48968e-07
9.71 0.000619373 -0.000549767 3.42933e-07
9.72 0.00061397 -0.00054502 3.37003e-07
9.73 0.000608613 -0.000540313 3.31174e-07
9.74 0.000603303 -0.000535647 3.25446e-07
9.75 0.000598039 -0.00053102 3.19816e-07
9.76 0.00059282 -0.000526433 3.14283e-07
9.77 0.000587646 -0.000521884 3.08846e-07
9.78 0.000582517 -0.000517375 3.03502e-07
9.79 0.000577432 -0.000512904 2.98249e-07
9.8 0.000572392 -0.000508471 2.93087e-07
9.81 0.000567394 -0.000504076 2.88014e-07
9.82 0.00056244 -0.000499718 2.83029e-07
9.83 0.000557529 -0.000495398 2.78129e-07
9.84 0.000552661 -0.000491114 2.73314e-07
9.85 0.000547834 -0.000486867 2.68581e-07
9.86 0.000543049 -0.000482657 2.6393e-07
9.87 0.000538306 -0.000478482 2.59359e-07
9.88 0.000533603 -0.000474343 2.54867e-07
9.89 0.000528942 -0.000470239 2.50452e-07
9.9 0.00052432 -0.00046617 2.46113e-07
9.91 0.000519739 -0.000462136 2.41849e-07
9.92 0.000515197 -0.000458137 2.37659e-07
9.93 0.000510695 -0.000454171 2.3354e-07
9.94 0.000506231 -0.00045024 2.29493e-07
9.95 0.000501807 -0.000446342 2.25516e-07
9.96 0.00049742 -0.000442477 2.21607e-07
9.97 0.000493072 -0.000438646 2.17765e-07
9.98 0.000488761 -0.000434847 2.1399e-07
9.99 0.000484488 -0.000431081 2.10279e-07
10 0.000480251 -0.000427347 2.06633e-07
