0 0.01 0.9999 0.49995
0.01 0.019999 0.9997 0.4999
0.02 0.029996 0.9994 0.49985
0.03 0.03999 0.999 0.4998
0.04 0.04998 0.9985 0.49975
0.05 0.059965 0.997901 0.499701
0.06 0.069944 0.997201 0.499651
0.07 0.079916 0.996402 0.499602
0.08 0.08988 0.995503 0.499553
0.09 0.0998351 0.994505 0.499504
0.1 0.10978 0.993407 0.499455
0.11 0.119714 0.99221 0.499406
0.12 0.129636 0.990914 0.499358
0.13 0.139545 0.989518 0.49931
0.14 0.149441 0.988024 0.499262
0.15 0.159321 0.986431 0.499214
0.16 0.169185 0.984739 0.499167
0.17 0.179033 0.982948 0.49912
0.18 0.188862 0.98106 0.499074
0.19 0.198673 0.979073 0.499027
0.2 0.208463 0.976988 0.498982
0.21 0.218233 0.974806 0.498936
0.22 0.227981 0.972526 0.498891
0.23 0.237707 0.970149 0.498847
0.24 0.247408 0.967675 0.498803
0.25 0.257085 0.965104 0.498759
0.26 0.266736 0.962437 0.498716
0.27 0.27636 0.959673 0.498674
0.28 0.285957 0.956814 0.498632
0.29 0.295525 0.953858 0.498591
0.3 0.305064 0.950808 0.49855
0.31 0.314572 0.947662 0.498509
0.32 0.324048 0.944422 0.49847
0.33 0.333493 0.941087 0.498431
0.34 0.342903 0.937658 0.498392
0.35 0.35228 0.934135 0.498355
0.36 0.361621 0.930519 0.498318
0.37 0.370927 0.926809 0.498281
0.38 0.380195 0.923007 0.498245
0.39 0.389425 0.919113 0.49821
0.4 0.398616 0.915127 0.498176
0.41 0.407767 0.911049 0.498143
0.42 0.416878 0.906881 0.49811
0.43 0.425946 0.902621 0.498078
0.44 0.434973 0.898271 0.498046
0.45 0.443955 0.893832 0.498016
0.46 0.452894 0.889303 0.497986
0.47 0.461787 0.884685 0.497957
0.48 0.470634 0.879979 0.497929
0.49 0.479433 0.875184 0.497902
0.5 0.488185 0.870303 0.497876
0.51 0.496888 0.865334 0.49785
0.52 0.505542 0.860278 0.497825
0.53 0.514144 0.855137 0.497802
0.54 0.522696 0.84991 0.497779
0.55 0.531195 0.844598 0.497757
0.56 0.539641 0.839201 0.497736
0.57 0.548033 0.833721 0.497715
0.58 0.55637 0.828157 0.497696
0.59 0.564652 0.822511 0.497678
0.6 0.572877 0.816782 0.49766
0.61 0.581045 0.810972 0.497644
0.62 0.589154 0.80508 0.497628
0.63 0.597205 0.799108 0.497614
0.64 0.605196 0.793056 0.4976
0.65 0.613127 0.786925 0.497588
0.66 0.620996 0.780715 0.497576
0.67 0.628803 0.774427 0.497565
0.68 0.636547 0.768061 0.497555
0.69 0.644228 0.761619 0.497547
0.7 0.651844 0.755101 0.497539
0.71 0.659395 0.748507 0.497532
0.72 0.66688 0.741838 0.497526
0.73 0.674299 0.735095 0.497522
0.74 0.68165 0.728278 0.497518
0.75 0.688932 0.721389 0.497515
0.76 0.696146 0.714428 0.497513
0.77 0.703291 0.707395 0.497512
0.78 0.710364 0.700291 0.497513
0.79 0.717367 0.693117 0.497514
0.8 0.724299 0.685874 0.497516
0.81 0.731157 0.678563 0.497519
0.82 0.737943 0.671183 0.497524
0.83 0.744655 0.663737 0.497529
0.84 0.751292 0.656224 0.497535
0.85 0.757854 0.648645 0.497542
0.86 0.764341 0.641002 0.49755
0.87 0.770751 0.633295 0.497559
0.88 0.777084 0.625524 0.49757
0.89 0.783339 0.61769 0.497581
0.9 0.789516 0.609795 0.497593
0.91 0.795614 0.601839 0.497606
0.92 0.801632 0.593823 0.49762
0.93 0.807571 0.585747 0.497635
0.94 0.813428 0.577613 0.497651
0.95 0.819204 0.569421 0.497668
0.96 0.824898 0.561172 0.497685
0.97 0.83051 0.552867 0.497704
0.98 0.836039 0.544506 0.497724
0.99 0.841484 0.536091 0.497744
1 0.846845 0.527623 0.497766
1.01 0.852121 0.519102 0.497788
1.02 0.857312 0.510529 0.497812
1.03 0.862417 0.501904 0.497836
1.04 0.867436 0.49323 0.497861
1.05 0.872369 0.484506 0.497887
1.06 0.877214 0.475734 0.497913
1.07 0.881971 0.466915 0.497941
1.08 0.88664 0.458048 0.497969
1.09 0.891221 0.449136 0.497999
1.1 0.895712 0.440179 0.498029
1.11 0.900114 0.431178 0.498059
1.12 0.904426 0.422133 0.498091
1.13 0.908647 0.413047 0.498123
1.14 0.912777 0.403919 0.498157
1.15 0.916816 0.394751 0.49819
1.16 0.920764 0.385543 0.498225
1.17 0.924619 0.376297 0.49826
1.18 0.928382 0.367013 0.498296
1.19 0.932053 0.357693 0.498333
1.2 0.935629 0.348337 0.49837
1.21 0.939113 0.338945 0.498408
1.22 0.942502 0.32952 0.498447
1.23 0.945798 0.320062 0.498486
1.24 0.948998 0.310572 0.498526
1.25 0.952104 0.301051 0.498567
1.26 0.955114 0.2915 0.498608
1.27 0.958029 0.28192 0.49865
1.28 0.960849 0.272311 0.498692
1.29 0.963572 0.262676 0.498734
1.3 0.966198 0.253014 0.498778
1.31 0.968729 0.243326 0.498821
1.32 0.971162 0.233615 0.498866
1.33 0.973498 0.22388 0.49891
1.34 0.975737 0.214123 0.498955
1.35 0.977878 0.204344 0.499001
1.36 0.979921 0.194545 0.499047
1.37 0.981867 0.184726 0.499093
1.38 0.983714 0.174889 0.49914
1.39 0.985463 0.165034 0.499187
1.4 0.987113 0.155163 0.499234
1.41 0.988665 0.145276 0.499282
1.42 0.990118 0.135375 0.49933
1.43 0.991472 0.12546 0.499378
1.44 0.992726 0.115533 0.499427
1.45 0.993881 0.105594 0.499475
1.46 0.994937 0.095645 0.499524
1.47 0.995894 0.085686 0.499573
1.48 0.996751 0.0757185 0.499623
1.49 0.997508 0.0657434 0.499672
1.5 0.998165 0.0557618 0.499722
1.51 0.998723 0.0457745 0.499771
1.52 0.999181 0.0357827 0.499821
1.53 0.999539 0.0257874 0.499871
1.54 0.999796 0.0157894 0.499921
1.55 0.999954 0.00578985 0.499971
1.56 1.00001 -0.00421028 0.500021
1.57 0.99997 -0.01421 0.500071
1.58 0.999828 -0.0242083 0.500121
1.59 0.999586 -0.0342041 0.500171
1.6 0.999244 -0.0441966 0.500221
1.61 0.998802 -0.0541846 0.500271
1.62 0.99826 -0.0641672 0.50032
1.63 0.997618 -0.0741434 0.50037
1.64 0.996877 -0.0841121 0.500419
1.65 0.996036 -0.0940725 0.500468
1.66 0.995095 -0.104023 0.500518
1.67 0.994055 -0.113964 0.500566
1.68 0.992915 -0.123893 0.500615
1.69 0.991676 -0.13381 0.500663
1.7 0.990338 -0.143713 0.500712
1.71 0.988901 -0.153602 0.500759
1.72 0.987365 -0.163476 0.500807
1.73 0.98573 -0.173333 0.500854
1.74 0.983997 -0.183173 0.500901
1.75 0.982165 -0.192995 0.500948
1.76 0.980235 -0.202797 0.500994
1.77 0.978207 -0.212579 0.50104
1.78 0.976082 -0.22234 0.501085
1.79 0.973858 -0.232079 0.50113
1.8 0.971537 -0.241794 0.501175
1.81 0.969119 -0.251485 0.501219
1.82 0.966605 -0.261151 0.501262
1.83 0.963993 -0.270791 0.501305
1.84 0.961285 -0.280404 0.501348
1.85 0.958481 -0.289989 0.50139
1.86 0.955581 -0.299545 0.501431
1.87 0.952586 -0.309071 0.501472
1.88 0.949495 -0.318566 0.501512
1.89 0.946309 -0.328029 0.501552
1.9 0.943029 -0.337459 0.501591
1.91 0.939654 -0.346855 0.50163
1.92 0.936186 -0.356217 0.501667
1.93 0.932624 -0.365544 0.501705
1.94 0.928968 -0.374833 0.501741
1.95 0.92522 -0.384085 0.501777
1.96 0.921379 -0.393299 0.501812
1.97 0.917446 -0.402474 0.501846
1.98 0.913421 -0.411608 0.50188
1.99 0.909305 -0.420701 0.501913
2 0.905098 -0.429752 0.501945
2.01 0.900801 -0.43876 0.501976
2.02 0.896413 -0.447724 0.502007
2.03 0.891936 -0.456643 0.502036
2.04 0.88737 -0.465517 0.502065
2.05 0.882714 -0.474344 0.502094
2.06 0.877971 -0.483124 0.502121
2.07 0.87314 -0.491855 0.502147
2.08 0.868221 -0.500538 0.502173
2.09 0.863216 -0.50917 0.502198
2.1 0.858124 -0.517751 0.502221
2.11 0.852947 -0.52628 0.502244
2.12 0.847684 -0.534757 0.502267
2.13 0.842336 -0.543181 0.502288
2.14 0.836904 -0.55155 0.502308
2.15 0.831389 -0.559864 0.502327
2.16 0.82579 -0.568121 0.502346
2.17 0.820109 -0.576323 0.502363
2.18 0.814346 -0.584466 0.50238
2.19 0.808501 -0.592551 0.502395
2.2 0.802576 -0.600577 0.50241
2.21 0.79657 -0.608542 0.502424
2.22 0.790484 -0.616447 0.502436
2.23 0.78432 -0.624291 0.502448
2.24 0.778077 -0.632071 0.502459
2.25 0.771756 -0.639789 0.502469
2.26 0.765358 -0.647442 0.502478
2.27 0.758884 -0.655031 0.502485
2.28 0.752334 -0.662555 0.502492
2.29 0.745708 -0.670012 0.502498
2.3 0.739008 -0.677402 0.502503
2.31 0.732234 -0.684724 0.502507
2.32 0.725387 -0.691978 0.50251
2.33 0.718467 -0.699163 0.502512
2.34 0.711475 -0.706277 0.502512
2.35 0.704413 -0.713322 0.502512
2.36 0.697279 -0.720294 0.502511
2.37 0.690076 -0.727195 0.502509
2.38 0.682804 -0.734023 0.502506
2.39 0.675464 -0.740778 0.502502
2.4 0.668056 -0.747458 0.502497
2.41 0.660582 -0.754064 0.502491
2.42 0.653041 -0.760595 0.502483
2.43 0.645435 -0.767049 0.502475
2.44 0.637765 -0.773427 0.502466
2.45 0.630031 -0.779727 0.502456
2.46 0.622233 -0.785949 0.502445
2.47 0.614374 -0.792093 0.502433
2.48 0.606453 -0.798157 0.50242
2.49 0.598471 -0.804142 0.502406
2.5 0.59043 -0.810047 0.502391
2.51 0.582329 -0.81587 0.502376
2.52 0.574171 -0.821612 0.502359
2.53 0.565955 -0.827271 0.502341
2.54 0.557682 -0.832848 0.502322
2.55 0.549353 -0.838341 0.502303
2.56 0.54097 -0.843751 0.502282
2.57 0.532532 -0.849076 0.502261
2.58 0.524042 -0.854317 0.502238
2.59 0.515499 -0.859472 0.502215
2.6 0.506904 -0.864541 0.502191
2.61 0.498258 -0.869523 0.502166
2.62 0.489563 -0.874419 0.50214
2.63 0.480819 -0.879227 0.502114
2.64 0.472027 -0.883948 0.502086
2.65 0.463187 -0.888579 0.502058
2.66 0.454301 -0.893122 0.502029
2.67 0.44537 -0.897576 0.501999
2.68 0.436394 -0.90194 0.501968
2.69 0.427375 -0.906214 0.501936
2.7 0.418313 -0.910397 0.501904
2.71 0.409209 -0.914489 0.501871
2.72 0.400064 -0.91849 0.501837
2.73 0.390879 -0.922398 0.501803
2.74 0.381655 -0.926215 0.501767
2.75 0.372393 -0.929939 0.501732
2.76 0.363094 -0.93357 0.501695
2.77 0.353758 -0.937107 0.501658
2.78 0.344387 -0.940551 0.50162
2.79 0.334981 -0.943901 0.501581
2.8 0.325542 -0.947157 0.501542
2.81 0.316071 -0.950317 0.501502
2.82 0.306568 -0.953383 0.501461
2.83 0.297034 -0.956353 0.50142
2.84 0.28747 -0.959228 0.501379
2.85 0.277878 -0.962007 0.501337
2.86 0.268258 -0.964689 0.501294
2.87 0.258611 -0.967275 0.501251
2.88 0.248938 -0.969765 0.501207
2.89 0.239241 -0.972157 0.501163
2.9 0.229519 -0.974452 0.501118
2.91 0.219774 -0.97665 0.501073
2.92 0.210008 -0.97875 0.501028
2.93 0.20022 -0.980752 0.500982
2.94 0.190413 -0.982657 0.500936
2.95 0.180586 -0.984462 0.500889
2.96 0.170742 -0.98617 0.500842
2.97 0.16088 -0.987779 0.500795
2.98 0.151002 -0.989289 0.500747
2.99 0.141109 -0.9907 0.500699
3 0.131202 -0.992012 0.500651
3.01 0.121282 -0.993225 0.500602
3.02 0.11135 -0.994338 0.500554
3.03 0.101407 -0.995352 0.500505
3.04 0.0914531 -0.996267 0.500456
3.05 0.0814905 -0.997082 0.500406
3.06 0.0715196 -0.997797 0.500357
3.07 0.0615417 -0.998412 0.500307
3.08 0.0515576 -0.998928 0.500258
3.09 0.0415683 -0.999344 0.500208
3.1 0.0315748 -0.999659 0.500158
3.11 0.0215782 -0.999875 0.500108
3.12 0.0115795 -0.999991 0.500058
3.13 0.00157959 -1.00001 0.500008
3.14 -0.00842048 -0.999922 0.499958
3.15 -0.0184197 -0.999738 0.499908
3.16 -0.0284171 -0.999454 0.499858
3.17 -0.0384116 -0.99907 0.499808
3.18 -0.0484023 -0.998586 0.499758
3.19 -0.0583882 -0.998002 0.499709
3.2 -0.0683682 -0.997318 0.499659
3.21 -0.0783414 -0.996535 0.49961
3.22 -0.0883067 -0.995652 0.49956
3.23 -0.0982633 -0.994669 0.499511
3.24 -0.10821 -0.993587 0.499462
3.25 -0.118146 -0.992406 0.499414
3.26 -0.12807 -0.991125 0.499365
3.27 -0.137981 -0.989745 0.499317
3.28 -0.147879 -0.988266 0.499269
3.29 -0.157761 -0.986689 0.499222
3.3 -0.167628 -0.985013 0.499174
3.31 -0.177478 -0.983238 0.499127
3.32 -0.187311 -0.981365 0.499081
3.33 -0.197124 -0.979393 0.499035
3.34 -0.206918 -0.977324 0.498989
3.35 -0.216691 -0.975157 0.498943
3.36 -0.226443 -0.972893 0.498898
3.37 -0.236172 -0.970531 0.498854
3.38 -0.245877 -0.968072 0.49881
3.39 -0.255558 -0.965517 0.498766
3.4 -0.265213 -0.962865 0.498723
3.41 -0.274842 -0.960116 0.498681
3.42 -0.284443 -0.957272 0.498639
3.43 -0.294016 -0.954332 0.498597
3.44 -0.303559 -0.951296 0.498556
3.45 -0.313072 -0.948165 0.498516
3.46 -0.322554 -0.94494 0.498476
3.47 -0.332003 -0.94162 0.498437
3.48 -0.341419 -0.938206 0.498398
3.49 -0.350801 -0.934698 0.498361
3.5 -0.360148 -0.931096 0.498323
3.51 -0.369459 -0.927401 0.498287
3.52 -0.378733 -0.923614 0.498251
3.53 -0.387969 -0.919734 0.498216
3.54 -0.397167 -0.915763 0.498181
3.55 -0.406324 -0.9117 0.498148
3.56 -0.415441 -0.907545 0.498115
3.57 -0.424517 -0.9033 0.498083
3.58 -0.43355 -0.898964 0.498051
3.59 -0.442539 -0.894539 0.498021
3.6 -0.451485 -0.890024 0.497991
3.61 -0.460385 -0.88542 0.497962
3.62 -0.469239 -0.880728 0.497934
3.63 -0.478047 -0.875948 0.497906
3.64 -0.486806 -0.871079 0.49788
3.65 -0.495517 -0.866124 0.497854
3.66 -0.504178 -0.861083 0.497829
3.67 -0.512789 -0.855955 0.497805
3.68 -0.521348 -0.850741 0.497782
3.69 -0.529856 -0.845443 0.49776
3.7 -0.53831 -0.840059 0.497739
3.71 -0.546711 -0.834592 0.497719
3.72 -0.555057 -0.829042 0.497699
3.73 -0.563347 -0.823408 0.497681
3.74 -0.571581 -0.817693 0.497663
3.75 -0.579758 -0.811895 0.497646
3.76 -0.587877 -0.806016 0.497631
3.77 -0.595937 -0.800057 0.497616
3.78 -0.603938 -0.794017 0.497602
3.79 -0.611878 -0.787899 0.49759
3.8 -0.619757 -0.781701 0.497578
3.81 -0.627574 -0.775425 0.497567
3.82 -0.635328 -0.769072 0.497557
3.83 -0.643019 -0.762642 0.497548
3.84 -0.650645 -0.756135 0.49754
3.85 -0.658207 -0.749553 0.497533
3.86 -0.665702 -0.742896 0.497527
3.87 -0.673131 -0.736165 0.497522
3.88 -0.680493 -0.72936 0.497518
3.89 -0.687787 -0.722482 0.497515
3.9 -0.695011 -0.715532 0.497513
3.91 -0.702167 -0.70851 0.497513
3.92 -0.709252 -0.701418 0.497513
3.93 -0.716266 -0.694255 0.497514
3.94 -0.723209 -0.687023 0.497516
3.95 -0.730079 -0.679722 0.497519
3.96 -0.736876 -0.672354 0.497523
3.97 -0.7436 -0.664918 0.497528
3.98 -0.750249 -0.657415 0.497534
3.99 -0.756823 -0.649847 0.497541
4 -0.763321 -0.642214 0.497549
4.01 -0.769743 -0.634516 0.497558
4.02 -0.776089 -0.626755 0.497568
4.03 -0.782356 -0.618932 0.497579
4.04 -0.788545 -0.611046 0.497591
4.05 -0.794656 -0.6031 0.497604
4.06 -0.800687 -0.595093 0.497618
4.07 -0.806638 -0.587027 0.497632
4.08 -0.812508 -0.578901 0.497648
4.09 -0.818297 -0.570718 0.497665
4.1 -0.824004 -0.562478 0.497683
4.11 -0.829629 -0.554182 0.497701
4.12 -0.835171 -0.54583 0.497721
4.13 -0.840629 -0.537424 0.497741
4.14 -0.846003 -0.528964 0.497762
4.15 -0.851293 -0.520451 0.497785
4.16 -0.856498 -0.511886 0.497808
4.17 -0.861617 -0.50327 0.497832
4.18 -0.866649 -0.494604 0.497857
4.19 -0.871595 -0.485888 0.497883
4.2 -0.876454 -0.477123 0.497909
4.21 -0.881225 -0.468311 0.497937
4.22 -0.885908 -0.459452 0.497965
4.23 -0.890503 -0.450547 0.497994
4.24 -0.895008 -0.441597 0.498024
4.25 -0.899424 -0.432602 0.498055
4.26 -0.90375 -0.423565 0.498086
4.27 -0.907986 -0.414485 0.498118
4.28 -0.912131 -0.405364 0.498151
4.29 -0.916185 -0.396202 0.498185
4.3 -0.920147 -0.387 0.49822
4.31 -0.924017 -0.37776 0.498255
4.32 -0.927794 -0.368482 0.498291
4.33 -0.931479 -0.359167 0.498327
4.34 -0.935071 -0.349817 0.498364
4.35 -0.938569 -0.340431 0.498402
4.36 -0.941973 -0.331011 0.498441
4.37 -0.945283 -0.321559 0.49848
4.38 -0.948499 -0.312074 0.49852
4.39 -0.95162 -0.302557 0.49856
4.4 -0.954645 -0.293011 0.498601
4.41 -0.957575 -0.283435 0.498643
4.42 -0.96041 -0.273831 0.498685
4.43 -0.963148 -0.2642 0.498728
4.44 -0.96579 -0.254542 0.498771
4.45 -0.968335 -0.244858 0.498814
4.46 -0.970784 -0.23515 0.498859
4.47 -0.973135 -0.225419 0.498903
4.48 -0.97539 -0.215665 0.498948
4.49 -0.977546 -0.20589 0.498994
4.5 -0.979605 -0.196094 0.49904
4.51 -0.981566 -0.186278 0.499086
4.52 -0.983429 -0.176444 0.499132
4.53 -0.985193 -0.166592 0.499179
4.54 -0.986859 -0.156723 0.499227
4.55 -0.988426 -0.146839 0.499274
4.56 -0.989895 -0.13694 0.499322
4.57 -0.991264 -0.127027 0.49937
4.58 -0.992535 -0.117102 0.499419
4.59 -0.993706 -0.107165 0.499468
4.6 -0.994777 -0.0972172 0.499516
4.61 -0.995749 -0.0872597 0.499566
4.62 -0.996622 -0.0772935 0.499615
4.63 -0.997395 -0.0673195 0.499664
4.64 -0.998068 -0.0573388 0.499714
4.65 -0.998642 -0.0473524 0.499764
4.66 -0.999115 -0.0373613 0.499813
4.67 -0.999489 -0.0273664 0.499863
4.68 -0.999762 -0.0173688 0.499913
4.69 -0.999936 -0.0073694 0.499963
4.7 -1.00001 0.0026307 0.500013
4.71 -0.999983 0.0126305 0.500063
4.72 -0.999857 0.0226291 0.500113
4.73 -0.999631 0.0326254 0.500163
4.74 -0.999305 0.0426185 0.500213
4.75 -0.998878 0.0526072 0.500263
4.76 -0.998352 0.0625908 0.500312
4.77 -0.997726 0.072568 0.500362
4.78 -0.997001 0.082538 0.500411
4.79 -0.996175 0.0924998 0.500461
4.8 -0.99525 0.102452 0.50051
4.81 -0.994226 0.112395 0.500559
4.82 -0.993102 0.122326 0.500607
4.83 -0.991879 0.132244 0.500656
4.84 -0.990556 0.14215 0.500704
4.85 -0.989135 0.152041 0.500752
4.86 -0.987614 0.161917 0.5008
4.87 -0.985995 0.171777 0.500847
4.88 -0.984277 0.18162 0.500894
4.89 -0.982461 0.191445 0.50094
4.9 -0.980547 0.20125 0.500987
4.91 -0.978534 0.211036 0.501033
4.92 -0.976424 0.2208 0.501078
4.93 -0.974216 0.230542 0.501123
4.94 -0.97191 0.240261 0.501168
4.95 -0.969508 0.249956 0.501212
4.96 -0.967008 0.259626 0.501255
4.97 -0.964412 0.26927 0.501298
4.98 -0.961719 0.278888 0.501341
4.99 -0.95893 0.288477 0.501383
5 -0.956046 0.298037 0.501425
5.01 -0.953065 0.307568 0.501466
5.02 -0.94999 0.317068 0.501506
5.03 -0.946819 0.326536 0.501546
5.04 -0.943553 0.335972 0.501585
5.05 -0.940194 0.345373 0.501624
5.06 -0.93674 0.354741 0.501661
5.07 -0.933193 0.364073 0.501699
5.08 -0.929552 0.373368 0.501735
5.09 -0.925818 0.382627 0.501771
5.1 -0.921992 0.391846 0.501806
5.11 -0.918073 0.401027 0.501841
5.12 -0.914063 0.410168 0.501875
5.13 -0.909962 0.419267 0.501908
5.14 -0.905769 0.428325 0.50194
5.15 -0.901486 0.43734 0.501971
5.16 -0.897112 0.446311 0.502002
5.17 -0.892649 0.455238 0.502032
5.18 -0.888097 0.464119 0.502061
5.19 -0.883456 0.472953 0.502089
5.2 -0.878726 0.48174 0.502117
5.21 -0.873909 0.490479 0.502143
5.22 -0.869004 0.499169 0.502169
5.23 -0.864012 0.50781 0.502194
5.24 -0.858934 0.516399 0.502218
5.25 -0.85377 0.524937 0.502241
5.26 -0.848521 0.533422 0.502263
5.27 -0.843186 0.541854 0.502284
5.28 -0.837768 0.550231 0.502305
5.29 -0.832266 0.558554 0.502324
5.3 -0.82668 0.566821 0.502343
5.31 -0.821012 0.575031 0.502361
5.32 -0.815262 0.583184 0.502377
5.33 -0.80943 0.591278 0.502393
5.34 -0.803517 0.599313 0.502408
5.35 -0.797524 0.607288 0.502422
5.36 -0.791451 0.615203 0.502435
5.37 -0.785299 0.623056 0.502446
5.38 -0.779068 0.630846 0.502457
5.39 -0.77276 0.638574 0.502467
5.4 -0.766374 0.646238 0.502476
5.41 -0.759912 0.653837 0.502484
5.42 -0.753373 0.661371 0.502491
5.43 -0.74676 0.668838 0.502497
5.44 -0.740071 0.676239 0.502502
5.45 -0.733309 0.683572 0.502506
5.46 -0.726473 0.690837 0.502509
5.47 -0.719565 0.698032 0.502511
5.48 -0.712584 0.705158 0.502512
5.49 -0.705533 0.712214 0.502512
5.5 -0.698411 0.719198 0.502511
5.51 -0.691219 0.72611 0.50251
5.52 -0.683958 0.732949 0.502507
5.53 -0.676628 0.739716 0.502503
5.54 -0.669231 0.746408 0.502498
5.55 -0.661767 0.753026 0.502492
5.56 -0.654237 0.759568 0.502485
5.57 -0.646641 0.766035 0.502477
5.58 -0.638981 0.772424 0.502468
5.59 -0.631256 0.778737 0.502458
5.6 -0.623469 0.784972 0.502447
5.61 -0.615619 0.791128 0.502435
5.62 -0.607708 0.797205 0.502422
5.63 -0.599736 0.803202 0.502409
5.64 -0.591704 0.809119 0.502394
5.65 -0.583613 0.814955 0.502378
5.66 -0.575463 0.82071 0.502361
5.67 -0.567256 0.826383 0.502344
5.68 -0.558992 0.831973 0.502325
5.69 -0.550673 0.837479 0.502306
5.7 -0.542298 0.842902 0.502286
5.71 -0.533869 0.848241 0.502264
5.72 -0.525386 0.853495 0.502242
5.73 -0.516851 0.858663 0.502219
5.74 -0.508265 0.863746 0.502195
5.75 -0.499627 0.868742 0.50217
5.76 -0.49094 0.873652 0.502145
5.77 -0.482203 0.878474 0.502118
5.78 -0.473419 0.883208 0.502091
5.79 -0.464587 0.887854 0.502062
5.8 -0.455708 0.892411 0.502033
5.81 -0.446784 0.896879 0.502004
5.82 -0.437815 0.901257 0.501973
5.83 -0.428803 0.905545 0.501941
5.84 -0.419747 0.909742 0.501909
5.85 -0.41065 0.913849 0.501876
5.86 -0.401511 0.917864 0.501843
5.87 -0.392333 0.921787 0.501808
5.88 -0.383115 0.925618 0.501773
5.89 -0.373859 0.929357 0.501737
5.9 -0.364565 0.933003 0.501701
5.91 -0.355235 0.936555 0.501663
5.92 -0.345869 0.940014 0.501626
5.93 -0.336469 0.943378 0.501587
5.94 -0.327035 0.946649 0.501548
5.95 -0.317569 0.949824 0.501508
5.96 -0.308071 0.952905 0.501468
5.97 -0.298542 0.95589 0.501427
5.98 -0.288983 0.95878 0.501385
5.99 -0.279395 0.961574 0.501343
6 -0.269779 0.964272 0.501301
6.01 -0.260137 0.966873 0.501258
6.02 -0.250468 0.969378 0.501214
6.03 -0.240774 0.971786 0.50117
6.04 -0.231056 0.974096 0.501125
6.05 -0.221315 0.97631 0.50108
6.06 -0.211552 0.978425 0.501035
6.07 -0.201768 0.980443 0.500989
6.08 -0.191963 0.982362 0.500943
6.09 -0.18214 0.984184 0.500896
6.1 -0.172298 0.985907 0.500849
6.11 -0.162439 0.987531 0.500802
6.12 -0.152564 0.989057 0.500754
6.13 -0.142673 0.990484 0.500707
6.14 -0.132768 0.991811 0.500658
6.15 -0.12285 0.99304 0.50061
6.16 -0.11292 0.994169 0.500561
6.17 -0.102978 0.995199 0.500512
6.18 -0.093026 0.996129 0.500463
6.19 -0.0830647 0.99696 0.500414
6.2 -0.0730951 0.997691 0.500365
6.21 -0.0631182 0.998322 0.500315
6.22 -0.053135 0.998853 0.500265
6.23 -0.0431464 0.999285 0.500216
6.24 -0.0331536 0.999616 0.500166
6.25 -0.0231574 0.999848 0.500116
6.26 -0.013159 0.999979 0.500066
6.27 -0.00315917 1.00001 0.500016
6.28 0.00684093 0.999942 0.499966
6.29 0.0168404 0.999774 0.499916
6.3 0.0268381 0.999506 0.499866
6.31 0.0368332 0.999137 0.499816
6.32 0.0468245 0.998669 0.499766
6.33 0.0568112 0.998101 0.499716
6.34 0.0667922 0.997433 0.499667
6.35 0.0767666 0.996665 0.499617
6.36 0.0867332 0.995798 0.499568
6.37 0.0966912 0.994831 0.499519
6.38 0.10664 0.993765 0.49947
6.39 0.116577 0.992599 0.499421
6.4 0.126503 0.991334 0.499373
6.41 0.136416 0.98997 0.499325
6.42 0.146316 0.988507 0.499277
6.43 0.156201 0.986945 0.499229
6.44 0.166071 0.985284 0.499182
6.45 0.175924 0.983525 0.499135
6.46 0.185759 0.981667 0.499088
6.47 0.195575 0.979711 0.499042
6.48 0.205373 0.977658 0.498996
6.49 0.215149 0.975506 0.498951
6.5 0.224904 0.973257 0.498906
6.51 0.234637 0.970911 0.498861
6.52 0.244346 0.968467 0.498817
6.53 0.254031 0.965927 0.498773
6.54 0.26369 0.96329 0.49873
6.55 0.273323 0.960557 0.498687
6.56 0.282928 0.957727 0.498645
6.57 0.292506 0.954802 0.498604
6.58 0.302054 0.951782 0.498563
6.59 0.311571 0.948666 0.498522
6.6 0.321058 0.945456 0.498482
6.61 0.330513 0.94215 0.498443
6.62 0.339934 0.938751 0.498404
6.63 0.349322 0.935258 0.498366
6.64 0.358674 0.931671 0.498329
6.65 0.367991 0.927991 0.498293
6.66 0.377271 0.924219 0.498257
6.67 0.386513 0.920353 0.498221
6.68 0.395717 0.916396 0.498187
6.69 0.404881 0.912347 0.498153
6.7 0.414004 0.908207 0.49812
6.71 0.423086 0.903977 0.498088
6.72 0.432126 0.899655 0.498056
6.73 0.441122 0.895244 0.498025
6.74 0.450075 0.890743 0.497995
6.75 0.458982 0.886153 0.497966
6.76 0.467844 0.881475 0.497938
6.77 0.476659 0.876708 0.497911
6.78 0.485426 0.871854 0.497884
6.79 0.494144 0.866913 0.497858
6.8 0.502813 0.861885 0.497833
6.81 0.511432 0.85677 0.497809
6.82 0.52 0.85157 0.497786
6.83 0.528516 0.846285 0.497764
6.84 0.536978 0.840915 0.497742
6.85 0.545388 0.835462 0.497722
6.86 0.553742 0.829924 0.497702
6.87 0.562041 0.824304 0.497684
6.88 0.570284 0.818601 0.497666
6.89 0.57847 0.812816 0.497649
6.9 0.586599 0.80695 0.497633
6.91 0.594668 0.801003 0.497618
6.92 0.602678 0.794977 0.497604
6.93 0.610628 0.78887 0.497591
6.94 0.618517 0.782685 0.497579
6.95 0.626343 0.776422 0.497568
6.96 0.634108 0.770081 0.497558
6.97 0.641808 0.763663 0.497549
6.98 0.649445 0.757168 0.497541
6.99 0.657017 0.750598 0.497534
7 0.664523 0.743953 0.497528
7.01 0.671962 0.737233 0.497523
7.02 0.679335 0.73044 0.497519
7.03 0.686639 0.723573 0.497516
7.04 0.693875 0.716635 0.497514
7.05 0.701041 0.709624 0.497513
7.06 0.708137 0.702543 0.497513
7.07 0.715163 0.695391 0.497513
7.08 0.722117 0.68817 0.497515
7.09 0.728998 0.68088 0.497518
7.1 0.735807 0.673522 0.497522
7.11 0.742542 0.666097 0.497527
7.12 0.749203 0.658605 0.497533
7.13 0.755789 0.651047 0.49754
7.14 0.7623 0.643424 0.497548
7.15 0.768734 0.635736 0.497556
7.16 0.775092 0.627985 0.497566
7.17 0.781371 0.620172 0.497577
7.18 0.787573 0.612296 0.497589
7.19 0.793696 0.604359 0.497602
7.2 0.79974 0.596362 0.497615
7.21 0.805703 0.588305 0.49763
7.22 0.811586 0.580189 0.497646
7.23 0.817388 0.572015 0.497662
7.24 0.823108 0.563784 0.49768
7.25 0.828746 0.555496 0.497698
7.26 0.834301 0.547153 0.497718
7.27 0.839773 0.538756 0.497738
7.28 0.84516 0.530304 0.497759
7.29 0.850463 0.521799 0.497781
7.3 0.855681 0.513243 0.497804
7.31 0.860814 0.504634 0.497828
7.32 0.86586 0.495976 0.497853
7.33 0.87082 0.487268 0.497878
7.34 0.875692 0.478511 0.497905
7.35 0.880478 0.469706 0.497932
7.36 0.885175 0.460854 0.49796
7.37 0.889783 0.451956 0.497989
7.38 0.894303 0.443013 0.498019
7.39 0.898733 0.434026 0.49805
7.4 0.903073 0.424995 0.498081
7.41 0.907323 0.415922 0.498113
7.42 0.911482 0.406807 0.498146
7.43 0.91555 0.397652 0.49818
7.44 0.919527 0.388456 0.498214
7.45 0.923411 0.379222 0.498249
7.46 0.927204 0.36995 0.498285
7.47 0.930903 0.360641 0.498321
7.48 0.93451 0.351296 0.498359
7.49 0.938023 0.341916 0.498396
7.5 0.941442 0.332501 0.498435
7.51 0.944767 0.323054 0.498474
7.52 0.947997 0.313574 0.498514
7.53 0.951133 0.304063 0.498554
7.54 0.954174 0.294521 0.498595
7.55 0.957119 0.28495 0.498636
7.56 0.959968 0.27535 0.498678
7.57 0.962722 0.265723 0.498721
7.58 0.965379 0.256069 0.498764
7.59 0.96794 0.246389 0.498808
7.6 0.970404 0.236685 0.498852
7.61 0.97277 0.226958 0.498896
7.62 0.97504 0.217207 0.498941
7.63 0.977212 0.207435 0.498986
7.64 0.979286 0.197642 0.499032
7.65 0.981263 0.18783 0.499078
7.66 0.983141 0.177998 0.499125
7.67 0.984921 0.168149 0.499172
7.68 0.986603 0.158283 0.499219
7.69 0.988186 0.148401 0.499267
7.7 0.98967 0.138505 0.499315
7.71 0.991055 0.128594 0.499363
7.72 0.992341 0.118671 0.499411
7.73 0.993527 0.108735 0.49946
7.74 0.994615 0.0987892 0.499509
7.75 0.995602 0.0888331 0.499558
7.76 0.996491 0.0788682 0.499607
7.77 0.997279 0.0688954 0.499656
7.78 0.997968 0.0589158 0.499706
7.79 0.998558 0.0489302 0.499756
7.8 0.999047 0.0389397 0.499805
7.81 0.999436 0.0289453 0.499855
7.82 0.999726 0.0189481 0.499905
7.83 0.999915 0.00894894 0.499955
7.84 1 -0.00105111 0.500005
7.85 0.999994 -0.0110511 0.500055
7.86 0.999884 -0.0210499 0.500105
7.87 0.999673 -0.0310466 0.500155
7.88 0.999363 -0.0410402 0.500205
7.89 0.998952 -0.0510298 0.500255
7.9 0.998442 -0.0610142 0.500305
7.91 0.997832 -0.0709925 0.500354
7.92 0.997122 -0.0809637 0.500404
7.93 0.996312 -0.0909269 0.500453
7.94 0.995403 -0.100881 0.500502
7.95 0.994394 -0.110825 0.500551
7.96 0.993286 -0.120758 0.5006
7.97 0.992078 -0.130678 0.500648
7.98 0.990772 -0.140586 0.500696
7.99 0.989366 -0.15048 0.500744
8 0.987861 -0.160358 0.500792
8.01 0.986257 -0.170221 0.500839
8.02 0.984555 -0.180067 0.500886
8.03 0.982755 -0.189894 0.500933
8.04 0.980856 -0.199703 0.500979
8.05 0.978859 -0.209491 0.501025
8.06 0.976764 -0.219259 0.501071
8.07 0.974571 -0.229005 0.501116
8.08 0.972281 -0.238727 0.501161
8.09 0.969894 -0.248426 0.501205
8.1 0.967409 -0.2581 0.501248
8.11 0.964828 -0.267749 0.501292
8.12 0.962151 -0.27737 0.501334
8.13 0.959377 -0.286964 0.501377
8.14 0.956508 -0.296529 0.501418
8.15 0.953542 -0.306065 0.501459
8.16 0.950482 -0.315569 0.5015
8.17 0.947326 -0.325043 0.50154
8.18 0.944076 -0.334483 0.501579
8.19 0.940731 -0.343891 0.501618
8.2 0.937292 -0.353264 0.501656
8.21 0.933759 -0.362601 0.501693
8.22 0.930133 -0.371902 0.50173
8.23 0.926414 -0.381167 0.501766
8.24 0.922602 -0.390393 0.501801
8.25 0.918699 -0.39958 0.501835
8.26 0.914703 -0.408727 0.501869
8.27 0.910615 -0.417833 0.501902
8.28 0.906437 -0.426897 0.501935
8.29 0.902168 -0.435919 0.501966
8.3 0.897809 -0.444897 0.501997
8.31 0.89336 -0.453831 0.502027
8.32 0.888822 -0.462719 0.502056
8.33 0.884195 -0.471561 0.502085
8.34 0.879479 -0.480356 0.502112
8.35 0.874675 -0.489102 0.502139
8.36 0.869784 -0.4978 0.502165
8.37 0.864806 -0.506448 0.50219
8.38 0.859742 -0.515046 0.502214
8.39 0.854591 -0.523592 0.502237
8.4 0.849355 -0.532085 0.50226
8.41 0.844035 -0.540525 0.502281
8.42 0.838629 -0.548912 0.502302
8.43 0.83314 -0.557243 0.502321
8.44 0.827568 -0.565519 0.50234
8.45 0.821913 -0.573738 0.502358
8.46 0.816175 -0.5819 0.502375
8.47 0.810356 -0.590003 0.502391
8.48 0.804456 -0.598048 0.502406
8.49 0.798476 -0.606033 0.50242
8.5 0.792415 -0.613957 0.502433
8.51 0.786276 -0.621819 0.502445
8.52 0.780058 -0.62962 0.502456
8.53 0.773761 -0.637358 0.502466
8.54 0.767388 -0.645032 0.502475
8.55 0.760938 -0.652641 0.502483
8.56 0.754411 -0.660185 0.50249
8.57 0.747809 -0.667663 0.502496
8.58 0.741133 -0.675074 0.502502
8.59 0.734382 -0.682418 0.502506
8.6 0.727558 -0.689694 0.502509
8.61 0.720661 -0.6969 0.502511
8.62 0.713692 -0.704037 0.502512
8.63 0.706651 -0.711104 0.502513
8.64 0.69954 -0.718099 0.502512
8.65 0.692359 -0.725023 0.50251
8.66 0.685109 -0.731874 0.502507
8.67 0.67779 -0.738652 0.502503
8.68 0.670404 -0.745356 0.502498
8.69 0.66295 -0.751985 0.502493
8.7 0.655431 -0.75854 0.502486
8.71 0.647845 -0.765018 0.502478
8.72 0.640195 -0.77142 0.502469
8.73 0.632481 -0.777745 0.50246
8.74 0.624703 -0.783992 0.502449
8.75 0.616863 -0.790161 0.502437
8.76 0.608962 -0.79625 0.502424
8.77 0.600999 -0.80226 0.502411
8.78 0.592977 -0.80819 0.502396
8.79 0.584895 -0.814039 0.502381
8.8 0.576754 -0.819806 0.502364
8.81 0.568556 -0.825492 0.502347
8.82 0.560301 -0.831095 0.502328
8.83 0.55199 -0.836615 0.502309
8.84 0.543624 -0.842051 0.502289
8.85 0.535204 -0.847403 0.502268
8.86 0.52673 -0.852671 0.502246
8.87 0.518203 -0.857853 0.502223
8.88 0.509625 -0.862949 0.502199
8.89 0.500995 -0.867959 0.502174
8.9 0.492315 -0.872882 0.502149
8.91 0.483587 -0.877718 0.502122
8.92 0.474809 -0.882466 0.502095
8.93 0.465985 -0.887126 0.502067
8.94 0.457114 -0.891697 0.502038
8.95 0.448197 -0.896179 0.502008
8.96 0.439235 -0.900571 0.501978
8.97 0.430229 -0.904873 0.501947
8.98 0.42118 -0.909085 0.501914
8.99 0.412089 -0.913206 0.501882
9 0.402957 -0.917236 0.501848
9.01 0.393785 -0.921174 0.501814
9.02 0.384573 -0.925019 0.501779
9.03 0.375323 -0.928773 0.501743
9.04 0.366035 -0.932433 0.501707
9.05 0.356711 -0.936 0.501669
9.06 0.347351 -0.939474 0.501632
9.07 0.337956 -0.942853 0.501593
9.08 0.328528 -0.946138 0.501554
9.09 0.319066 -0.949329 0.501514
9.1 0.309573 -0.952425 0.501474
9.11 0.300049 -0.955425 0.501433
9.12 0.290495 -0.95833 0.501392
9.13 0.280911 -0.961139 0.50135
9.14 0.2713 -0.963852 0.501307
9.15 0.261661 -0.966469 0.501264
9.16 0.251997 -0.968989 0.501221
9.17 0.242307 -0.971412 0.501177
9.18 0.232593 -0.973738 0.501132
9.19 0.222855 -0.975966 0.501087
9.2 0.213096 -0.978097 0.501042
9.21 0.203315 -0.980131 0.500996
9.22 0.193513 -0.982066 0.50095
9.23 0.183693 -0.983903 0.500904
9.24 0.173854 -0.985641 0.500857
9.25 0.163997 -0.987281 0.50081
9.26 0.154124 -0.988822 0.500762
9.27 0.144236 -0.990265 0.500714
9.28 0.134334 -0.991608 0.500666
9.29 0.124418 -0.992852 0.500618
9.3 0.114489 -0.993997 0.500569
9.31 0.104549 -0.995043 0.50052
9.32 0.0945986 -0.995989 0.500471
9.33 0.0846387 -0.996835 0.500422
9.34 0.0746704 -0.997582 0.500372
9.35 0.0646946 -0.998229 0.500323
9.36 0.0547123 -0.998776 0.500273
9.37 0.0447245 -0.999223 0.500223
9.38 0.0347323 -0.99957 0.500174
9.39 0.0247366 -0.999818 0.500124
9.4 0.0147384 -0.999965 0.500074
9.41 0.00473875 -1.00001 0.500024
9.42 -0.00526137 -0.99996 0.499974
9.43 -0.015261 -0.999807 0.499924
9.44 -0.025259 -0.999555 0.499874
9.45 -0.0352546 -0.999202 0.499824
9.46 -0.0452466 -0.99875 0.499774
9.47 -0.0552341 -0.998197 0.499724
9.48 -0.0652161 -0.997545 0.499675
9.49 -0.0751915 -0.996793 0.499625
9.5 -0.0851595 -0.995942 0.499576
9.51 -0.0951189 -0.99499 0.499527
9.52 -0.105069 -0.99394 0.499478
9.53 -0.115008 -0.99279 0.499429
9.54 -0.124936 -0.99154 0.499381
9.55 -0.134851 -0.990192 0.499332
9.56 -0.144753 -0.988744 0.499284
9.57 -0.154641 -0.987198 0.499237
9.58 -0.164513 -0.985553 0.499189
9.59 -0.174368 -0.983809 0.499142
9.6 -0.184206 -0.981967 0.499096
9.61 -0.194026 -0.980027 0.499049
9.62 -0.203826 -0.977988 0.499003
9.63 -0.213606 -0.975852 0.498958
9.64 -0.223365 -0.973619 0.498913
9.65 -0.233101 -0.971288 0.498868
9.66 -0.242814 -0.96886 0.498824
9.67 -0.252502 -0.966335 0.49878
9.68 -0.262166 -0.963713 0.498737
9.69 -0.271803 -0.960995 0.498694
9.7 -0.281413 -0.958181 0.498652
9.71 -0.290995 -0.955271 0.49861
9.72 -0.300547 -0.952265 0.498569
9.73 -0.31007 -0.949165 0.498528
9.74 -0.319562 -0.945969 0.498489
9.75 -0.329021 -0.942679 0.498449
9.76 -0.338448 -0.939294 0.49841
9.77 -0.347841 -0.935816 0.498372
9.78 -0.357199 -0.932244 0.498335
9.79 -0.366522 -0.928579 0.498298
9.8 -0.375807 -0.924821 0.498262
9.81 -0.385056 -0.92097 0.498227
9.82 -0.394265 -0.917027 0.498192
9.83 -0.403436 -0.912993 0.498158
9.84 -0.412566 -0.908867 0.498125
9.85 -0.421654 -0.904651 0.498093
9.86 -0.430701 -0.900344 0.498061
9.87 -0.439704 -0.895947 0.49803
9.88 -0.448664 -0.89146 0.498
9.89 -0.457578 -0.886884 0.497971
9.9 -0.466447 -0.88222 0.497942
9.91 -0.475269 -0.877467 0.497915
9.92 -0.484044 -0.872627 0.497888
9.93 -0.49277 -0.867699 0.497862
9.94 -0.501447 -0.862685 0.497837
9.95 -0.510074 -0.857584 0.497813
9.96 -0.51865 -0.852397 0.49779
9.97 -0.527174 -0.847126 0.497767
9.98 -0.535645 -0.841769 0.497746
9.99 -0.544063 -0.836329 0.497725
10 -0.552426 -0.830804 0.497705
