0 0.057723 1 0.501666
0.03 0.0833148 0.9241 0.430451
0.06 0.106912 0.853061 0.369571
0.09 0.128644 0.786582 0.31763
0.12 0.148629 0.724381 0.273409
0.15 0.166983 0.666193 0.235848
0.18 0.183809 0.61177 0.204024
0.21 0.199208 0.560877 0.177134
0.24 0.213273 0.513297 0.15448
0.27 0.22609 0.468824 0.135456
0.3 0.237744 0.427264 0.119538
0.33 0.248309 0.388436 0.10627
0.36 0.257858 0.352171 0.0952577
0.39 0.266459 0.318309 0.0861606
0.42 0.274175 0.2867 0.0786845
0.45 0.281066 0.257204 0.0725759
0.48 0.287187 0.229688 0.0676165
0.51 0.29259 0.20403 0.0636185
0.54 0.297325 0.180112 0.0604212
0.57 0.301437 0.157826 0.0578866
0.6 0.304969 0.137069 0.0558971
0.63 0.307962 0.117746 0.0543524
0.66 0.310454 0.0997659 0.0531673
0.69 0.312479 0.0830446 0.0522696
0.72 0.314071 0.0675026 0.0515985
0.75 0.31526 0.0530656 0.0511026
0.78 0.316077 0.0396635 0.0507391
0.81 0.316549 0.027231 0.0504723
0.84 0.3167 0.0157063 0.0502726
0.87 0.316554 0.00503188 0.0501159
0.9 0.316135 -0.0048465 0.0499823
0.93 0.315462 -0.0139796 0.049856
0.96 0.314556 -0.0224152 0.0497241
0.99 0.313435 -0.0301979 0.0495768
1.02 0.312116 -0.0373698 0.0494065
1.05 0.310615 -0.0439701 0.0492076
1.08 0.308947 -0.0500358 0.0489759
1.11 0.307126 -0.0556016 0.048709
1.14 0.305165 -0.0606999 0.0484051
1.17 0.303077 -0.0653612 0.0480638
1.2 0.300872 -0.069614 0.0476851
1.23 0.298562 -0.0734853 0.0472698
1.26 0.296157 -0.0770001 0.0468189
1.29 0.293665 -0.0801819 0.0463342
1.32 0.291096 -0.083053 0.0458174
1.35 0.288458 -0.085634 0.0452706
1.38 0.285758 -0.0879443 0.0446959
1.41 0.283003 -0.0900022 0.0440956
1.44 0.2802 -0.0918248 0.043472
1.47 0.277355 -0.093428 0.0428274
1.5 0.274474 -0.0948269 0.0421641
1.53 0.271562 -0.0960356 0.0414845
1.56 0.268624 -0.0970671 0.0407905
1.59 0.265665 -0.097934 0.0400844
1.62 0.262688 -0.0986476 0.0393682
1.65 0.259699 -0.099219 0.0386439
1.68 0.256699 -0.0996582 0.0379131
1.71 0.253694 -0.0999748 0.0371778
1.74 0.250686 -0.100178 0.0364394
1.77 0.247677 -0.100275 0.0356996
1.8 0.244672 -0.100275 0.0349597
1.83 0.241672 -0.100185 0.0342211
1.86 0.238679 -0.100011 0.0334849
1.89 0.235696 -0.0997604 0.0327523
1.92 0.232724 -0.0994388 0.0320243
1.95 0.229766 -0.0990517 0.0313018
1.98 0.226823 -0.0986046 0.0305857
2.01 0.223896 -0.0981022 0.0298768
2.04 0.220988 -0.0975492 0.0291757
2.07 0.218099 -0.0969499 0.0284831
2.1 0.21523 -0.0963083 0.0277996
2.13 0.212382 -0.0956281 0.0271255
2.16 0.209557 -0.0949129 0.0264614
2.19 0.206756 -0.0941659 0.0258076
2.22 0.203978 -0.0933902 0.0251644
2.25 0.201225 -0.0925886 0.0245321
2.28 0.198498 -0.0917638 0.0239109
2.31 0.195796 -0.0909183 0.0233011
2.34 0.193121 -0.0900543 0.0227027
2.37 0.190472 -0.0891741 0.0221159
2.4 0.187851 -0.0882797 0.0215407
2.43 0.185257 -0.0873729 0.0209772
2.46 0.182692 -0.0864555 0.0204254
2.49 0.180154 -0.085529 0.0198853
2.52 0.177644 -0.0845951 0.0193569
2.55 0.175163 -0.0836551 0.0188401
2.58 0.17271 -0.0827103 0.0183349
2.61 0.170286 -0.0817619 0.0178411
2.64 0.16789 -0.080811 0.0173587
2.67 0.165523 -0.0798588 0.0168876
2.7 0.163184 -0.0789061 0.0164276
2.73 0.160874 -0.0779538 0.0159786
2.76 0.158592 -0.0770028 0.0155405
2.79 0.156339 -0.0760538 0.0151131
2.82 0.154114 -0.0751075 0.0146962
2.85 0.151917 -0.0741646 0.0142896
2.88 0.149749 -0.0732257 0.0138933
2.91 0.147608 -0.0722913 0.0135071
2.94 0.145495 -0.0713619 0.0131306
2.97 0.143409 -0.070438 0.0127638
3 0.141351 -0.06952 0.0124065
3.03 0.13932 -0.0686083 0.0120585
3.06 0.137316 -0.0677032 0.0117196
3.09 0.135338 -0.066805 0.0113897
3.12 0.133387 -0.0659141 0.0110684
3.15 0.131463 -0.0650307 0.0107557
3.18 0.129564 -0.064155 0.0104513
3.21 0.127691 -0.0632873 0.0101552
3.24 0.125844 -0.0624276 0.00986694
3.27 0.124022 -0.0615763 0.00958653
3.3 0.122225 -0.0607334 0.00931374
3.33 0.120453 -0.0598991 0.00904837
3.36 0.118705 -0.0590734 0.00879027
3.39 0.116982 -0.0582564 0.00853925
3.42 0.115282 -0.0574484 0.00829514
3.45 0.113606 -0.0566492 0.00805776
3.48 0.111954 -0.055859 0.00782696
3.51 0.110325 -0.0550777 0.00760256
3.54 0.108719 -0.0543055 0.0073844
3.57 0.107135 -0.0535423 0.00717233
3.6 0.105574 -0.0527882 0.00696619
3.63 0.104034 -0.0520432 0.00676582
3.66 0.102517 -0.0513071 0.00657108
3.69 0.101021 -0.0505801 0.00638181
3.72 0.0995465 -0.0498621 0.00619787
3.75 0.0980929 -0.0491531 0.00601912
3.78 0.0966601 -0.048453 0.00584543
3.81 0.0952477 -0.0477618 0.00567666
3.84 0.0938555 -0.0470795 0.00551267
3.87 0.0924833 -0.046406 0.00535333
3.9 0.0911307 -0.0457412 0.00519853
3.93 0.0897976 -0.0450851 0.00504814
3.96 0.0884836 -0.0444376 0.00490203
3.99 0.0871886 -0.0437987 0.00476009
4.02 0.0859122 -0.0431683 0.0046222
4.05 0.0846542 -0.0425464 0.00448826
4.08 0.0834144 -0.0419328 0.00435816
4.11 0.0821925 -0.0413274 0.00423178
4.14 0.0809882 -0.0407303 0.00410903
4.17 0.0798014 -0.0401413 0.0039898
4.2 0.0786318 -0.0395604 0.00387399
4.23 0.0774791 -0.0389874 0.00376152
4.26 0.0763432 -0.0384223 0.00365228
4.29 0.0752237 -0.037865 0.00354618
4.32 0.0741205 -0.0373154 0.00344315
4.35 0.0730333 -0.0367735 0.00334308
4.38 0.071962 -0.0362391 0.0032459
4.41 0.0709062 -0.0357121 0.00315152
4.44 0.0698658 -0.0351926 0.00305987
4.47 0.0688405 -0.0346803 0.00297087
4.5 0.0678302 -0.0341753 0.00288444
4.53 0.0668346 -0.0336773 0.00280052
4.56 0.0658536 -0.0331864 0.00271902
4.59 0.0648868 -0.0327025 0.00263987
4.62 0.0639341 -0.0322254 0.00256303
4.65 0.0629954 -0.0317551 0.0024884
4.68 0.0620704 -0.0312915 0.00241594
4.71 0.0611588 -0.0308345 0.00234558
4.74 0.0602606 -0.030384 0.00227727
4.77 0.0593756 -0.02994 0.00221093
4.8 0.0585034 -0.0295023 0.00214652
4.83 0.0576441 -0.0290709 0.00208398
4.86 0.0567973 -0.0286457 0.00202325
4.89 0.0559629 -0.0282266 0.00196429
4.92 0.0551407 -0.0278135 0.00190704
4.95 0.0543305 -0.0274064 0.00185146
4.98 0.0535322 -0.0270051 0.00179749
5.01 0.0527456 -0.0266097 0.00174509
5.04 0.0519706 -0.0262199 0.00169421
5.07 0.0512068 -0.0258358 0.00164481
5.1 0.0504543 -0.0254572 0.00159685
5.13 0.0497128 -0.0250841 0.00155029
5.16 0.0489822 -0.0247164 0.00150508
5.19 0.0482623 -0.0243541 0.00146119
5.22 0.0475529 -0.023997 0.00141857
5.25 0.046854 -0.0236451 0.00137719
5.28 0.0461653 -0.0232983 0.00133702
5.31 0.0454867 -0.0229566 0.00129802
5.34 0.0448181 -0.0226198 0.00126016
5.37 0.0441592 -0.0222879 0.00122339
5.4 0.0435101 -0.0219608 0.0011877
5.43 0.0428705 -0.0216386 0.00115305
5.46 0.0422402 -0.021321 0.00111941
5.49 0.0416192 -0.021008 0.00108675
5.52 0.0410074 -0.0206996 0.00105504
5.55 0.0404045 -0.0203957 0.00102425
5.58 0.0398104 -0.0200963 0.000994365
5.61 0.0392251 -0.0198012 0.000965348
5.64 0.0386484 -0.0195104 0.000937177
5.67 0.0380802 -0.0192239 0.000909828
5.7 0.0375203 -0.0189415 0.000883276
5.73 0.0369686 -0.0186633 0.000857498
5.76 0.036425 -0.0183892 0.000832472
5.79 0.0358894 -0.0181191 0.000808175
5.82 0.0353617 -0.0178529 0.000784588
5.85 0.0348417 -0.0175906 0.000761688
5.88 0.0343294 -0.0173321 0.000739456
5.91 0.0338246 -0.0170775 0.000717873
5.94 0.0333272 -0.0168266 0.000696919
5.97 0.0328372 -0.0165793 0.000676577
6 0.0323543 -0.0163357 0.000656828
6.03 0.0318785 -0.0160956 0.000637655
6.06 0.0314098 -0.0158591 0.000619041
6.09 0.0309479 -0.015626 0.000600971
6.12 0.0304928 -0.0153963 0.000583428
6.15 0.0300443 -0.0151701 0.000566397
6.18 0.0296025 -0.0149471 0.000549862
6.21 0.0291672 -0.0147274 0.000533811
6.24 0.0287383 -0.0145109 0.000518227
6.27 0.0283156 -0.0142976 0.000503099
6.3 0.0278992 -0.0140874 0.000488412
6.33 0.0274889 -0.0138803 0.000474153
6.36 0.0270847 -0.0136763 0.000460311
6.39 0.0266864 -0.0134752 0.000446872
6.42 0.0262939 -0.0132771 0.000433826
6.45 0.0259072 -0.0130819 0.000421161
6.48 0.0255262 -0.0128896 0.000408865
6.51 0.0251508 -0.0127001 0.000396928
6.54 0.0247809 -0.0125134 0.00038534
6.57 0.0244165 -0.0123294 0.00037409
6.6 0.0240574 -0.0121481 0.000363168
6.63 0.0237036 -0.0119695 0.000352565
6.66 0.023355 -0.0117935 0.000342272
6.69 0.0230115 -0.0116201 0.000332279
6.72 0.0226731 -0.0114493 0.000322577
6.75 0.0223396 -0.0112809 0.000313159
6.78 0.0220111 -0.011115 0.000304016
6.81 0.0216874 -0.0109516 0.00029514
6.84 0.0213684 -0.0107906 0.000286523
6.87 0.0210542 -0.0106319 0.000278157
6.9 0.0207445 -0.0104756 0.000270036
6.93 0.0204394 -0.0103215 0.000262152
6.96 0.0201388 -0.0101697 0.000254498
6.99 0.0198426 -0.0100202 0.000247067
7.02 0.0195508 -0.00987284 0.000239853
7.05 0.0192633 -0.00972765 0.00023285
7.08 0.01898 -0.0095846 0.000226052
7.11 0.0187008 -0.00944365 0.000219451
7.14 0.0184258 -0.00930478 0.000213044
7.17 0.0181548 -0.00916795 0.000206824
7.2 0.0178878 -0.00903312 0.000200785
7.23 0.0176247 -0.00890028 0.000194922
7.26 0.0173655 -0.00876939 0.000189231
7.29 0.0171101 -0.00864043 0.000183706
7.32 0.0168584 -0.00851336 0.000178342
7.35 0.0166105 -0.00838816 0.000173135
7.38 0.0163662 -0.0082648 0.00016808
7.41 0.0161255 -0.00814326 0.000163172
7.44 0.0158883 -0.0080235 0.000158408
7.47 0.0156546 -0.0079055 0.000153782
7.5 0.0154244 -0.00778924 0.000149292
7.53 0.0151975 -0.00767468 0.000144933
7.56 0.014974 -0.00756181 0.000140701
7.59 0.0147538 -0.00745061 0.000136593
7.62 0.0145368 -0.00734103 0.000132605
7.65 0.014323 -0.00723307 0.000128733
7.68 0.0141123 -0.00712669 0.000124974
7.71 0.0139048 -0.00702188 0.000121325
7.74 0.0137003 -0.00691861 0.000117782
7.77 0.0134988 -0.00681686 0.000114343
7.8 0.0133003 -0.0067166 0.000111005
7.83 0.0131046 -0.00661782 0.000107764
7.86 0.0129119 -0.00652049 0.000104617
7.89 0.012722 -0.00642459 0.000101562
7.92 0.0125349 -0.00633011 9.85968e-05
7.95 0.0123505 -0.00623701 9.57179e-05
7.98 0.0121689 -0.00614528 9.29231e-05
8.01 0.0119899 -0.0060549 9.02098e-05
8.04 0.0118136 -0.00596585 8.75758e-05
8.07 0.0116398 -0.00587811 8.50187e-05
8.1 0.0114686 -0.00579166 8.25362e-05
8.13 0.0112999 -0.00570648 8.01263e-05
8.16 0.0111337 -0.00562255 7.77867e-05
8.19 0.01097 -0.00553986 7.55154e-05
8.22 0.0108087 -0.00545838 7.33104e-05
8.25 0.0106497 -0.0053781 7.11698e-05
8.28 0.010493 -0.005299 6.90918e-05
8.31 0.0103387 -0.00522107 6.70744e-05
8.34 0.0101867 -0.00514428 6.51158e-05
8.37 0.0100368 -0.00506862 6.32145e-05
8.4 0.00988922 -0.00499407 6.13687e-05
8.43 0.00974377 -0.00492062 5.95768e-05
8.46 0.00960047 -0.00484825 5.78372e-05
8.49 0.00945927 -0.00477695 5.61485e-05
8.52 0.00932014 -0.00470669 5.4509e-05
8.55 0.00918306 -0.00463747 5.29174e-05
8.58 0.009048 -0.00456926 5.13722e-05
8.61 0.00891493 -0.00450206 4.98722e-05
8.64 0.00878381 -0.00443584 4.8416e-05
8.67 0.00865462 -0.0043706 4.70023e-05
8.7 0.00852733 -0.00430632 4.56299e-05
8.73 0.00840191 -0.00424299 4.42975e-05
8.76 0.00827834 -0.00418058 4.30041e-05
8.79 0.00815658 -0.0041191 4.17484e-05
8.82 0.00803662 -0.00405851 4.05294e-05
8.85 0.00791842 -0.00399882 3.9346e-05
8.88 0.00780196 -0.00394001 3.81971e-05
8.91 0.00768721 -0.00388206 3.70818e-05
8.94 0.00757415 -0.00382497 3.5999e-05
8.97 0.00746275 -0.00376871 3.49479e-05
9 0.00735299 -0.00371328 3.39274e-05
9.03 0.00724484 -0.00365867 3.29368e-05
9.06 0.00713829 -0.00360486 3.19751e-05
9.09 0.0070333 -0.00355184 3.10414e-05
9.12 0.00692986 -0.0034996 3.0135e-05
9.15 0.00682793 -0.00344813 2.92551e-05
9.18 0.00672751 -0.00339741 2.84009e-05
9.21 0.00662856 -0.00334745 2.75716e-05
9.24 0.00653107 -0.00329821 2.67666e-05
9.27 0.00643501 -0.0032497 2.5985e-05
9.3 0.00634037 -0.00320191 2.52263e-05
9.33 0.00624712 -0.00315482 2.44897e-05
9.36 0.00615524 -0.00310842 2.37746e-05
9.39 0.00606471 -0.0030627 2.30804e-05
9.42 0.00597551 -0.00301765 2.24065e-05
9.45 0.00588762 -0.00297327 2.17522e-05
9.48 0.00580103 -0.00292954 2.11171e-05
9.51 0.00571571 -0.00288645 2.05005e-05
9.54 0.00563164 -0.002844 1.99019e-05
9.57 0.00554882 -0.00280217 1.93208e-05
9.6 0.0054672 -0.00276096 1.87566e-05
9.63 0.00538679 -0.00272035 1.82089e-05
9.66 0.00530757 -0.00268034 1.76772e-05
9.69 0.0052295 -0.00264092 1.71611e-05
9.72 0.00515259 -0.00260208 1.666e-05
9.75 0.00507681 -0.00256381 1.61735e-05
9.78 0.00500214 -0.0025261 1.57013e-05
9.81 0.00492857 -0.00248895 1.52428e-05
9.84 0.00485608 -0.00245234 1.47977e-05
9.87 0.00478466 -0.00241627 1.43657e-05
9.9 0.00471429 -0.00238073 1.39462e-05
9.93 0.00464495 -0.00234572 1.3539e-05
9.96 0.00457663 -0.00231122 1.31437e-05
9.99 0.00450932 -0.00227722 1.27599e-05
10.02 0.004443 -0.00224373 1.23873e-05
10.05 0.00437765 -0.00221073 1.20256e-05
10.08 0.00431327 -0.00217822 1.16745e-05
10.11 0.00424983 -0.00214618 1.13336e-05
10.14 0.00418732 -0.00211461 1.10026e-05
10.17 0.00412574 -0.00208351 1.06814e-05
10.2 0.00406506 -0.00205287 1.03695e-05
10.23 0.00400527 -0.00202268 1.00667e-05
10.26 0.00394636 -0.00199293 9.77277e-06
10.29 0.00388832 -0.00196362 9.48741e-06
10.32 0.00383113 -0.00193474 9.21039e-06
10.35 0.00377478 -0.00190628 8.94145e-06
10.38 0.00371927 -0.00187824 8.68037e-06
10.41 0.00366456 -0.00185062 8.42691e-06
10.44 0.00361067 -0.0018234 8.18085e-06
10.47 0.00355756 -0.00179658 7.94198e-06
10.5 0.00350524 -0.00177016 7.71008e-06
10.53 0.00345368 -0.00174412 7.48495e-06
10.56 0.00340289 -0.00171847 7.26639e-06
10.59 0.00335284 -0.0016932 7.05422e-06
10.62 0.00330353 -0.00166829 6.84824e-06
10.65 0.00325494 -0.00164376 6.64828e-06
10.68 0.00320707 -0.00161958 6.45416e-06
10.71 0.0031599 -0.00159576 6.2657e-06
10.74 0.00311342 -0.00157229 6.08275e-06
10.77 0.00306763 -0.00154917 5.90514e-06
10.8 0.00302251 -0.00152638 5.73271e-06
10.83 0.00297806 -0.00150393 5.56532e-06
10.86 0.00293426 -0.00148181 5.40282e-06
10.89 0.0028911 -0.00146002 5.24506e-06
10.92 0.00284858 -0.00143854 5.09191e-06
10.95 0.00280668 -0.00141739 4.94323e-06
10.98 0.0027654 -0.00139654 4.79889e-06
11.01 0.00272473 -0.001376 4.65877e-06
11.04 0.00268466 -0.00135576 4.52274e-06
11.07 0.00264517 -0.00133582 4.39068e-06
11.1 0.00260627 -0.00131617 4.26247e-06
11.13 0.00256793 -0.00129682 4.13801e-06
11.16 0.00253017 -0.00127774 4.01718e-06
11.19 0.00249295 -0.00125895 3.89989e-06
11.22 0.00245629 -0.00124043 3.78601e-06
11.25 0.00242016 -0.00122219 3.67546e-06
11.28 0.00238457 -0.00120421 3.56814e-06
11.31 0.00234949 -0.0011865 3.46396e-06
11.34 0.00231494 -0.00116905 3.36281e-06
11.37 0.00228089 -0.00115186 3.26462e-06
11.4 0.00224734 -0.00113492 3.1693e-06
11.43 0.00221429 -0.00111823 3.07676e-06
11.46 0.00218172 -0.00110178 2.98692e-06
11.49 0.00214964 -0.00108557 2.8997e-06
11.52 0.00211802 -0.00106961 2.81503e-06
11.55 0.00208687 -0.00105388 2.73284e-06
11.58 0.00205617 -0.00103838 2.65304e-06
11.61 0.00202593 -0.0010231 2.57557e-06
11.64 0.00199614 -0.00100806 2.50037e-06
11.67 0.00196678 -0.00099323 2.42736e-06
11.7 0.00193785 -0.000978622 2.35648e-06
11.73 0.00190935 -0.000964229 2.28768e-06
11.76 0.00188127 -0.000950047 2.22088e-06
11.79 0.0018536 -0.000936074 2.15603e-06
11.82 0.00182634 -0.000922306 2.09308e-06
11.85 0.00179947 -0.000908741 2.03196e-06
11.88 0.00177301 -0.000895376 1.97263e-06
11.91 0.00174693 -0.000882207 1.91503e-06
11.94 0.00172124 -0.000869232 1.85911e-06
11.97 0.00169592 -0.000856447 1.80483e-06
12 0.00167098 -0.000843851 1.75213e-06
12.03 0.0016464 -0.00083144 1.70097e-06
12.06 0.00162219 -0.000819211 1.6513e-06
12.09 0.00159833 -0.000807162 1.60308e-06
12.12 0.00157482 -0.000795291 1.55627e-06
12.15 0.00155166 -0.000783594 1.51083e-06
12.18 0.00152884 -0.000772069 1.46672e-06
12.21 0.00150635 -0.000760714 1.42389e-06
12.24 0.0014842 -0.000749525 1.38231e-06
12.27 0.00146237 -0.000738501 1.34195e-06
12.3 0.00144086 -0.00072764 1.30277e-06
12.33 0.00141967 -0.000716938 1.26473e-06
12.36 0.00139879 -0.000706393 1.2278e-06
12.39 0.00137821 -0.000696004 1.19195e-06
12.42 0.00135794 -0.000685767 1.15714e-06
12.45 0.00133797 -0.000675681 1.12336e-06
12.48 0.00131829 -0.000665743 1.09056e-06
12.51 0.0012989 -0.000655952 1.05871e-06
12.54 0.0012798 -0.000646304 1.0278e-06
12.57 0.00126098 -0.000636798 9.97788e-07
12.6 0.00124243 -0.000627433 9.68654e-07
12.63 0.00122416 -0.000618204 9.4037e-07
12.66 0.00120615 -0.000609112 9.12912e-07
12.69 0.00118841 -0.000600153 8.86255e-07
12.72 0.00117093 -0.000591326 8.60378e-07
12.75 0.00115371 -0.000582629 8.35255e-07
12.78 0.00113674 -0.00057406 8.10866e-07
12.81 0.00112003 -0.000565617 7.8719e-07
12.84 0.00110355 -0.000557298 7.64205e-07
12.87 0.00108732 -0.000549102 7.4189e-07
12.9 0.00107133 -0.000541026 7.20228e-07
12.93 0.00105557 -0.000533068 6.99198e-07
12.96 0.00104005 -0.000525228 6.78782e-07
12.99 0.00102475 -0.000517503 6.58962e-07
13.02 0.00100968 -0.000509892 6.39721e-07
13.05 0.000994829 -0.000502392 6.21041e-07
13.08 0.000980197 -0.000495003 6.02908e-07
13.11 0.000965781 -0.000487723 5.85303e-07
13.14 0.000951576 -0.00048055 5.68213e-07
13.17 0.000937581 -0.000473482 5.51621e-07
13.2 0.000923791 -0.000466518 5.35515e-07
13.23 0.000910204 -0.000459657 5.19878e-07
13.26 0.000896817 -0.000452896 5.04698e-07
13.29 0.000883627 -0.000446235 4.89961e-07
13.32 0.000870631 -0.000439672 4.75655e-07
13.35 0.000857826 -0.000433205 4.61766e-07
13.38 0.000845209 -0.000426834 4.48283e-07
13.41 0.000832778 -0.000420556 4.35193e-07
13.44 0.00082053 -0.000414371 4.22486e-07
13.47 0.000808462 -0.000408276 4.1015e-07
13.5 0.000796571 -0.000402271 3.98174e-07
13.53 0.000784855 -0.000396355 3.86547e-07
13.56 0.000773312 -0.000390525 3.75261e-07
13.59 0.000761938 -0.000384782 3.64303e-07
13.62 0.000750732 -0.000379122 3.53666e-07
13.65 0.00073969 -0.000373546 3.43339e-07
13.68 0.000728811 -0.000368052 3.33314e-07
13.71 0.000718092 -0.000362639 3.23581e-07
13.74 0.00070753 -0.000357305 3.14133e-07
13.77 0.000697124 -0.00035205 3.04961e-07
13.8 0.000686871 -0.000346872 2.96056e-07
13.83 0.000676769 -0.000341771 2.87412e-07
13.86 0.000666815 -0.000336744 2.79019e-07
13.89 0.000657008 -0.000331791 2.70872e-07
13.92 0.000647345 -0.000326911 2.62963e-07
13.95 0.000637824 -0.000322103 2.55285e-07
13.98 0.000628443 -0.000317366 2.47831e-07
14.01 0.0006192 -0.000312698 2.40594e-07
14.04 0.000610093 -0.000308099 2.33569e-07
14.07 0.00060112 -0.000303568 2.26749e-07
14.1 0.000592278 -0.000299103 2.20128e-07
14.13 0.000583567 -0.000294704 2.13701e-07
14.16 0.000574984 -0.000290369 2.07461e-07
14.19 0.000566528 -0.000286099 2.01403e-07
14.22 0.000558195 -0.000281891 1.95522e-07
14.25 0.000549986 -0.000277745 1.89813e-07
14.28 0.000541896 -0.00027366 1.84271e-07
14.31 0.000533926 -0.000269635 1.7889e-07
14.34 0.000526074 -0.000265669 1.73667e-07
14.37 0.000518336 -0.000261762 1.68596e-07
14.4 0.000510713 -0.000257912 1.63673e-07
14.43 0.000503201 -0.000254119 1.58894e-07
14.46 0.0004958 -0.000250381 1.54254e-07
14.49 0.000488508 -0.000246698 1.4975e-07
14.52 0.000481323 -0.00024307 1.45378e-07
14.55 0.000474244 -0.000239495 1.41133e-07
14.58 0.000467269 -0.000235973 1.37012e-07
14.61 0.000460397 -0.000232502 1.33011e-07
14.64 0.000453625 -0.000229082 1.29127e-07
14.67 0.000446953 -0.000225713 1.25357e-07
14.7 0.00044038 -0.000222393 1.21697e-07
14.73 0.000433903 -0.000219123 1.18143e-07
14.76 0.000427521 -0.0002159 1.14693e-07
14.79 0.000421233 -0.000212724 1.11344e-07
14.82 0.000415038 -0.000209596 1.08093e-07
14.85 0.000408933 -0.000206513 1.04937e-07
14.88 0.000402919 -0.000203476 1.01873e-07
14.91 0.000396993 -0.000200483 9.88984e-08
14.94 0.000391154 -0.000197534 9.60106e-08
14.97 0.000385401 -0.000194629 9.32072e-08
15 0.000379733 -0.000191766 9.04856e-08
15.03 0.000374148 -0.000188946 8.78435e-08
15.06 0.000368645 -0.000186167 8.52786e-08
15.09 0.000363223 -0.000183429 8.27885e-08
15.12 0.000357881 -0.000180731 8.03712e-08
15.15 0.000352617 -0.000178073 7.80244e-08
15.18 0.000347431 -0.000175454 7.57461e-08
15.21 0.000342321 -0.000172873 7.35344e-08
15.24 0.000337286 -0.000170331 7.13873e-08
15.27 0.000332325 -0.000167826 6.93028e-08
15.3 0.000327438 -0.000165357 6.72792e-08
15.33 0.000322622 -0.000162925 6.53147e-08
15.36 0.000317877 -0.000160529 6.34076e-08
15.39 0.000313202 -0.000158168 6.15562e-08
15.42 0.000308595 -0.000155842 5.97588e-08
15.45 0.000304056 -0.00015355 5.80139e-08
15.48 0.000299584 -0.000151291 5.63199e-08
15.51 0.000295178 -0.000149066 5.46754e-08
15.54 0.000290837 -0.000146874 5.30789e-08
15.57 0.000286559 -0.000144713 5.15291e-08
15.6 0.000282345 -0.000142585 5.00245e-08
15.63 0.000278192 -0.000140488 4.85638e-08
15.66 0.0002741 -0.000138422 4.71458e-08
15.69 0.000270069 -0.000136386 4.57692e-08
15.72 0.000266097 -0.00013438 4.44327e-08
15.75 0.000262183 -0.000132403 4.31353e-08
15.78 0.000258327 -0.000130456 4.18758e-08
15.81 0.000254528 -0.000128537 4.06531e-08
15.84 0.000250784 -0.000126647 3.9466e-08
15.87 0.000247096 -0.000124784 3.83137e-08
15.9 0.000243461 -0.000122949 3.71949e-08
15.93 0.000239881 -0.000121141 3.61089e-08
15.96 0.000236353 -0.000119359 3.50545e-08
15.99 0.000232876 -0.000117603 3.4031e-08
16.02 0.000229451 -0.000115874 3.30373e-08
16.05 0.000226077 -0.000114169 3.20726e-08
16.08 0.000222751 -0.00011249 3.11361e-08
16.11 0.000219475 -0.000110836 3.0227e-08
16.14 0.000216247 -0.000109206 2.93444e-08
16.17 0.000213067 -0.0001076 2.84876e-08
16.2 0.000209933 -0.000106017 2.76557e-08
16.23 0.000206845 -0.000104458 2.68482e-08
16.26 0.000203803 -0.000102921 2.60643e-08
16.29 0.000200806 -0.000101408 2.53032e-08
16.32 0.000197852 -9.99162e-05 2.45644e-08
16.35 0.000194942 -9.84466e-05 2.38471e-08
16.38 0.000192075 -9.69987e-05 2.31508e-08
16.41 0.00018925 -9.55721e-05 2.24748e-08
16.44 0.000186467 -9.41664e-05 2.18186e-08
16.47 0.000183724 -9.27814e-05 2.11815e-08
16.5 0.000181022 -9.14168e-05 2.0563e-08
16.53 0.00017836 -9.00723e-05 1.99626e-08
16.56 0.000175736 -8.87475e-05 1.93797e-08
16.59 0.000173152 -8.74423e-05 1.88138e-08
16.62 0.000170605 -8.61562e-05 1.82645e-08
16.65 0.000168096 -8.4889e-05 1.77312e-08
16.68 0.000165623 -8.36405e-05 1.72134e-08
16.71 0.000163188 -8.24103e-05 1.67108e-08
16.74 0.000160787 -8.11983e-05 1.62229e-08
16.77 0.000158423 -8.0004e-05 1.57492e-08
16.8 0.000156093 -7.88273e-05 1.52893e-08
16.83 0.000153797 -7.7668e-05 1.48429e-08
16.86 0.000151535 -7.65256e-05 1.44095e-08
16.89 0.000149306 -7.54001e-05 1.39887e-08
16.92 0.00014711 -7.42912e-05 1.35803e-08
16.95 0.000144946 -7.31985e-05 1.31837e-08
16.98 0.000142815 -7.21219e-05 1.27988e-08
17.01 0.000140714 -7.10612e-05 1.24251e-08
17.04 0.000138645 -7.0016e-05 1.20623e-08
17.07 0.000136605 -6.89862e-05 1.17101e-08
17.1 0.000134596 -6.79716e-05 1.13681e-08
17.13 0.000132617 -6.69719e-05 1.10362e-08
17.16 0.000130666 -6.59869e-05 1.0714e-08
17.19 0.000128744 -6.50164e-05 1.04011e-08
17.22 0.000126851 -6.40601e-05 1.00974e-08
17.25 0.000124985 -6.31179e-05 9.80257e-09
17.28 0.000123147 -6.21896e-05 9.51635e-09
17.31 0.000121336 -6.1275e-05 9.23848e-09
17.34 0.000119551 -6.03737e-05 8.96872e-09
17.37 0.000117793 -5.94858e-05 8.70684e-09
17.4 0.00011606 -5.86109e-05 8.45261e-09
17.43 0.000114353 -5.77488e-05 8.2058e-09
17.46 0.000112671 -5.68995e-05 7.9662e-09
17.49 0.000111014 -5.60626e-05 7.73359e-09
17.52 0.000109381 -5.52381e-05 7.50778e-09
17.55 0.000107773 -5.44256e-05 7.28856e-09
17.58 0.000106188 -5.36252e-05 7.07574e-09
17.61 0.000104626 -5.28365e-05 6.86913e-09
17.64 0.000103087 -5.20594e-05 6.66856e-09
17.67 0.000101571 -5.12937e-05 6.47384e-09
17.7 0.000100077 -5.05393e-05 6.28481e-09
17.73 9.86051e-05 -4.97959e-05 6.1013e-09
17.76 9.71548e-05 -4.90636e-05 5.92315e-09
17.79 9.57259e-05 -4.83419e-05 5.7502e-09
17.82 9.4318e-05 -4.76309e-05 5.5823e-09
17.85 9.29308e-05 -4.69304e-05 5.4193e-09
17.88 9.1564e-05 -4.62402e-05 5.26106e-09
17.91 9.02173e-05 -4.55601e-05 5.10744e-09
17.94 8.88904e-05 -4.489e-05 4.95831e-09
17.97 8.7583e-05 -4.42298e-05 4.81353e-09
18 8.62949e-05 -4.35792e-05 4.67298e-09
18.03 8.50257e-05 -4.29383e-05 4.53653e-09
18.06 8.37751e-05 -4.23068e-05 4.40407e-09
18.09 8.2543e-05 -4.16845e-05 4.27547e-09
18.12 8.1329e-05 -4.10714e-05 4.15063e-09
18.15 8.01328e-05 -4.04674e-05 4.02944e-09
18.18 7.89542e-05 -3.98722e-05 3.91178e-09
18.21 7.7793e-05 -3.92858e-05 3.79756e-09
18.24 7.66488e-05 -3.87079e-05 3.68667e-09
18.27 7.55215e-05 -3.81386e-05 3.57903e-09
18.3 7.44107e-05 -3.75777e-05 3.47452e-09
18.33 7.33163e-05 -3.7025e-05 3.37307e-09
18.36 7.2238e-05 -3.64805e-05 3.27458e-09
18.39 7.11756e-05 -3.59439e-05 3.17896e-09
18.42 7.01287e-05 -3.54153e-05 3.08614e-09
18.45 6.90973e-05 -3.48944e-05 2.99603e-09
18.48 6.8081e-05 -3.43812e-05 2.90855e-09
18.51 6.70797e-05 -3.38755e-05 2.82362e-09
18.54 6.60931e-05 -3.33773e-05 2.74117e-09
18.57 6.5121e-05 -3.28864e-05 2.66113e-09
18.6 6.41633e-05 -3.24027e-05 2.58343e-09
18.63 6.32196e-05 -3.19261e-05 2.50799e-09
18.66 6.22897e-05 -3.14566e-05 2.43476e-09
18.69 6.13736e-05 -3.09939e-05 2.36367e-09
18.72 6.04709e-05 -3.0538e-05 2.29465e-09
18.75 5.95815e-05 -3.00889e-05 2.22765e-09
18.78 5.87052e-05 -2.96464e-05 2.16261e-09
18.81 5.78418e-05 -2.92103e-05 2.09946e-09
18.84 5.69911e-05 -2.87807e-05 2.03816e-09
18.87 5.61529e-05 -2.83574e-05 1.97864e-09
18.9 5.5327e-05 -2.79403e-05 1.92087e-09
18.93 5.45133e-05 -2.75294e-05 1.86478e-09
18.96 5.37115e-05 -2.71245e-05 1.81033e-09
18.99 5.29215e-05 -2.67256e-05 1.75747e-09
19.02 5.21432e-05 -2.63325e-05 1.70615e-09
19.05 5.13763e-05 -2.59452e-05 1.65634e-09
19.08 5.06206e-05 -2.55636e-05 1.60797e-09
19.11 4.98761e-05 -2.51876e-05 1.56102e-09
19.14 4.91425e-05 -2.48172e-05 1.51544e-09
19.17 4.84198e-05 -2.44522e-05 1.47119e-09
19.2 4.77076e-05 -2.40925e-05 1.42823e-09
19.23 4.70059e-05 -2.37382e-05 1.38653e-09
19.26 4.63146e-05 -2.3389e-05 1.34604e-09
19.29 4.56334e-05 -2.3045e-05 1.30674e-09
19.32 4.49622e-05 -2.27061e-05 1.26859e-09
19.35 4.4301e-05 -2.23722e-05 1.23154e-09
19.38 4.36494e-05 -2.20431e-05 1.19558e-09
19.41 4.30074e-05 -2.17189e-05 1.16067e-09
19.44 4.23749e-05 -2.13995e-05 1.12678e-09
19.47 4.17516e-05 -2.10847e-05 1.09388e-09
19.5 4.11376e-05 -2.07746e-05 1.06194e-09
19.53 4.05325e-05 -2.04691e-05 1.03093e-09
19.56 3.99364e-05 -2.0168e-05 1.00083e-09
19.59 3.9349e-05 -1.98714e-05 9.71608e-10
19.62 3.87703e-05 -1.95791e-05 9.43238e-10
19.65 3.82e-05 -1.92912e-05 9.15696e-10
19.68 3.76382e-05 -1.90074e-05 8.88958e-10
19.71 3.70846e-05 -1.87279e-05 8.63002e-10
19.74 3.65392e-05 -1.84524e-05 8.37803e-10
19.77 3.60018e-05 -1.8181e-05 8.1334e-10
19.8 3.54723e-05 -1.79136e-05 7.89591e-10
19.83 3.49506e-05 -1.76502e-05 7.66535e-10
19.86 3.44365e-05 -1.73906e-05 7.44153e-10
19.89 3.393e-05 -1.71348e-05 7.22424e-10
19.92 3.3431e-05 -1.68828e-05 7.0133e-10
19.95 3.29393e-05 -1.66345e-05 6.80852e-10
19.98 3.24548e-05 -1.63898e-05 6.60972e-10
20.01 3.19775e-05 -1.61488e-05 6.41672e-10
20.04 3.15072e-05 -1.59113e-05 6.22936e-10
20.07 3.10438e-05 -1.56772e-05 6.04746e-10
20.1 3.05872e-05 -1.54467e-05 5.87088e-10
20.13 3.01373e-05 -1.52195e-05 5.69946e-10
20.16 2.96941e-05 -1.49956e-05 5.53304e-10
20.19 2.92574e-05 -1.47751e-05 5.37148e-10
20.22 2.8827e-05 -1.45578e-05 5.21464e-10
20.25 2.84031e-05 -1.43437e-05 5.06237e-10
20.28 2.79853e-05 -1.41327e-05 4.91456e-10
20.31 2.75737e-05 -1.39248e-05 4.77105e-10
20.34 2.71682e-05 -1.372e-05 4.63174e-10
20.37 2.67686e-05 -1.35182e-05 4.4965e-10
20.4 2.63749e-05 -1.33194e-05 4.36521e-10
20.43 2.5987e-05 -1.31235e-05 4.23775e-10
20.46 2.56048e-05 -1.29305e-05 4.11401e-10
20.49 2.52282e-05 -1.27403e-05 3.99388e-10
20.52 2.48571e-05 -1.25529e-05 3.87726e-10
20.55 2.44915e-05 -1.23683e-05 3.76405e-10
20.58 2.41313e-05 -1.21864e-05 3.65414e-10
20.61 2.37764e-05 -1.20072e-05 3.54745e-10
20.64 2.34267e-05 -1.18306e-05 3.44386e-10
20.67 2.30821e-05 -1.16566e-05 3.34331e-10
20.7 2.27427e-05 -1.14851e-05 3.24568e-10
20.73 2.24082e-05 -1.13162e-05 3.15091e-10
20.76 2.20786e-05 -1.11498e-05 3.05891e-10
20.79 2.17539e-05 -1.09858e-05 2.96959e-10
20.82 2.14339e-05 -1.08242e-05 2.88288e-10
20.85 2.11187e-05 -1.0665e-05 2.7987e-10
20.88 2.08081e-05 -1.05082e-05 2.71698e-10
20.91 2.0502e-05 -1.03536e-05 2.63765e-10
20.94 2.02005e-05 -1.02013e-05 2.56063e-10
20.97 1.99034e-05 -1.00513e-05 2.48586e-10
21 1.96106e-05 -9.90345e-06 2.41328e-10
21.03 1.93222e-05 -9.75779e-06 2.34281e-10
21.06 1.9038e-05 -9.61428e-06 2.27441e-10
21.09 1.8758e-05 -9.47287e-06 2.20799e-10
21.12 1.84821e-05 -9.33355e-06 2.14352e-10
21.15 1.82103e-05 -9.19627e-06 2.08093e-10
21.18 1.79425e-05 -9.06102e-06 2.02017e-10
21.21 1.76786e-05 -8.92775e-06 1.96119e-10
21.24 1.74186e-05 -8.79644e-06 1.90392e-10
21.27 1.71624e-05 -8.66707e-06 1.84833e-10
21.3 1.691e-05 -8.5396e-06 1.79436e-10
21.33 1.66613e-05 -8.414e-06 1.74196e-10
21.36 1.64162e-05 -8.29025e-06 1.6911e-10
21.39 1.61748e-05 -8.16832e-06 1.64172e-10
21.42 1.59369e-05 -8.04818e-06 1.59378e-10
21.45 1.57025e-05 -7.92981e-06 1.54725e-10
21.48 1.54715e-05 -7.81318e-06 1.50207e-10
21.51 1.5244e-05 -7.69826e-06 1.45821e-10
21.54 1.50198e-05 -7.58504e-06 1.41563e-10
21.57 1.47989e-05 -7.47348e-06 1.3743e-10
21.6 1.45812e-05 -7.36356e-06 1.33417e-10
21.63 1.43667e-05 -7.25526e-06 1.29521e-10
21.66 1.41554e-05 -7.14855e-06 1.25739e-10
21.69 1.39472e-05 -7.04341e-06 1.22068e-10
21.72 1.37421e-05 -6.93982e-06 1.18503e-10
21.75 1.354e-05 -6.83775e-06 1.15043e-10
21.78 1.33409e-05 -6.73718e-06 1.11684e-10
21.81 1.31446e-05 -6.6381e-06 1.08423e-10
21.84 1.29513e-05 -6.54046e-06 1.05257e-10
21.87 1.27608e-05 -6.44427e-06 1.02184e-10
21.9 1.25731e-05 -6.34949e-06 9.92e-11
21.93 1.23882e-05 -6.2561e-06 9.63035e-11
21.96 1.2206e-05 -6.16409e-06 9.34915e-11
21.99 1.20265e-05 -6.07343e-06 9.07616e-11
22.02 1.18496e-05 -5.9841e-06 8.81114e-11
22.05 1.16753e-05 -5.89609e-06 8.55387e-11
22.08 1.15036e-05 -5.80937e-06 8.3041e-11
22.11 1.13344e-05 -5.72393e-06 8.06163e-11
22.14 1.11677e-05 -5.63974e-06 7.82624e-11
22.17 1.10035e-05 -5.55679e-06 7.59772e-11
22.2 1.08416e-05 -5.47507e-06 7.37587e-11
22.23 1.06822e-05 -5.39454e-06 7.1605e-11
22.26 1.05251e-05 -5.3152e-06 6.95142e-11
22.29 1.03703e-05 -5.23702e-06 6.74844e-11
22.32 1.02177e-05 -5.16e-06 6.55139e-11
22.35 1.00675e-05 -5.08411e-06 6.3601e-11
22.38 9.91939e-06 -5.00933e-06 6.17439e-11
22.41 9.7735e-06 -4.93566e-06 5.9941e-11
22.44 9.62976e-06 -4.86306e-06 5.81908e-11
22.47 9.48812e-06 -4.79154e-06 5.64917e-11
22.5 9.34858e-06 -4.72107e-06 5.48422e-11
22.53 9.21108e-06 -4.65163e-06 5.32408e-11
22.56 9.0756e-06 -4.58321e-06 5.16862e-11
22.59 8.94212e-06 -4.51581e-06 5.0177e-11
22.62 8.8106e-06 -4.44939e-06 4.87119e-11
22.65 8.68102e-06 -4.38395e-06 4.72896e-11
22.68 8.55334e-06 -4.31947e-06 4.59087e-11
22.71 8.42754e-06 -4.25594e-06 4.45682e-11
22.74 8.30359e-06 -4.19335e-06 4.32669e-11
22.77 8.18146e-06 -4.13167e-06 4.20035e-11
22.8 8.06113e-06 -4.0709e-06 4.07771e-11
22.83 7.94257e-06 -4.01103e-06 3.95864e-11
22.86 7.82576e-06 -3.95204e-06 3.84305e-11
22.89 7.71066e-06 -3.89391e-06 3.73084e-11
22.92 7.59725e-06 -3.83664e-06 3.6219e-11
22.95 7.48551e-06 -3.78021e-06 3.51614e-11
22.98 7.37542e-06 -3.72461e-06 3.41348e-11
23.01 7.26694e-06 -3.66983e-06 3.3138e-11
23.04 7.16006e-06 -3.61586e-06 3.21704e-11
23.07 7.05475e-06 -3.56268e-06 3.12311e-11
23.1 6.95099e-06 -3.51028e-06 3.03192e-11
23.13 6.84876e-06 -3.45865e-06 2.94339e-11
23.16 6.74803e-06 -3.40778e-06 2.85744e-11
23.19 6.64878e-06 -3.35766e-06 2.77401e-11
23.22 6.55099e-06 -3.30828e-06 2.69301e-11
23.25 6.45464e-06 -3.25962e-06 2.61438e-11
23.28 6.35971e-06 -3.21168e-06 2.53804e-11
23.31 6.26617e-06 -3.16444e-06 2.46393e-11
23.34 6.17401e-06 -3.1179e-06 2.39199e-11
23.37 6.0832e-06 -3.07204e-06 2.32214e-11
23.4 5.99373e-06 -3.02686e-06 2.25434e-11
23.43 5.90558e-06 -2.98234e-06 2.18851e-11
23.46 5.81872e-06 -2.93848e-06 2.12461e-11
23.49 5.73314e-06 -2.89526e-06 2.06257e-11
23.52 5.64882e-06 -2.85268e-06 2.00235e-11
23.55 5.56574e-06 -2.81072e-06 1.94388e-11
23.58 5.48388e-06 -2.76938e-06 1.88712e-11
23.61 5.40322e-06 -2.72865e-06 1.83202e-11
23.64 5.32376e-06 -2.68852e-06 1.77852e-11
23.67 5.24545e-06 -2.64897e-06 1.72659e-11
23.7 5.16831e-06 -2.61001e-06 1.67618e-11
23.73 5.09229e-06 -2.57163e-06 1.62724e-11
23.76 5.0174e-06 -2.5338e-06 1.57972e-11
23.79 4.9436e-06 -2.49654e-06 1.53359e-11
23.82 4.87089e-06 -2.45982e-06 1.48881e-11
23.85 4.79925e-06 -2.42364e-06 1.44534e-11
23.88 4.72867e-06 -2.38799e-06 1.40314e-11
23.91 4.65912e-06 -2.35287e-06 1.36217e-11
23.94 4.59059e-06 -2.31827e-06 1.3224e-11
23.97 4.52308e-06 -2.28417e-06 1.28378e-11
24 4.45655e-06 -2.25058e-06 1.2463e-11
24.03 4.39101e-06 -2.21747e-06 1.20991e-11
24.06 4.32642e-06 -2.18486e-06 1.17458e-11
24.09 4.26279e-06 -2.15273e-06 1.14028e-11
24.12 4.2001e-06 -2.12106e-06 1.10699e-11
24.15 4.13832e-06 -2.08987e-06 1.07466e-11
24.18 4.07746e-06 -2.05913e-06 1.04328e-11
24.21 4.01749e-06 -2.02885e-06 1.01282e-11
24.24 3.9584e-06 -1.99901e-06 9.83247e-12
24.27 3.90018e-06 -1.96961e-06 9.54537e-12
24.3 3.84282e-06 -1.94064e-06 9.26665e-12
24.33 3.7863e-06 -1.91209e-06 8.99608e-12
24.36 3.73061e-06 -1.88397e-06 8.7334e-12
24.39 3.67574e-06 -1.85626e-06 8.47839e-12
24.42 3.62168e-06 -1.82896e-06 8.23083e-12
24.45 3.56841e-06 -1.80206e-06 7.99049e-12
24.48 3.51593e-06 -1.77556e-06 7.75718e-12
24.51 3.46422e-06 -1.74944e-06 7.53068e-12
24.54 3.41327e-06 -1.72371e-06 7.31079e-12
24.57 3.36306e-06 -1.69836e-06 7.09732e-12
24.6 3.3136e-06 -1.67338e-06 6.89008e-12
24.63 3.26487e-06 -1.64877e-06 6.6889e-12
24.66 3.21685e-06 -1.62452e-06 6.49359e-12
24.69 3.16953e-06 -1.60063e-06 6.30398e-12
24.72 3.12292e-06 -1.57709e-06 6.11991e-12
24.75 3.07699e-06 -1.55389e-06 5.94121e-12
24.78 3.03173e-06 -1.53104e-06 5.76773e-12
24.81 2.98714e-06 -1.50852e-06 5.59932e-12
24.84 2.94321e-06 -1.48633e-06 5.43582e-12
24.87 2.89992e-06 -1.46447e-06 5.2771e-12
24.9 2.85727e-06 -1.44293e-06 5.12302e-12
24.93 2.81524e-06 -1.42171e-06 4.97343e-12
24.96 2.77384e-06 -1.4008e-06 4.82821e-12
24.99 2.73304e-06 -1.3802e-06 4.68723e-12
25.02 2.69284e-06 -1.3599e-06 4.55037e-12
25.05 2.65324e-06 -1.3399e-06 4.4175e-12
25.08 2.61422e-06 -1.32019e-06 4.28851e-12
25.11 2.57577e-06 -1.30077e-06 4.16329e-12
25.14 2.53788e-06 -1.28164e-06 4.04173e-12
25.17 2.50056e-06 -1.26279e-06 3.92371e-12
25.2 2.46378e-06 -1.24422e-06 3.80914e-12
25.23 2.42754e-06 -1.22592e-06 3.69792e-12
25.26 2.39184e-06 -1.20789e-06 3.58994e-12
25.29 2.35666e-06 -1.19012e-06 3.48512e-12
25.32 2.322e-06 -1.17262e-06 3.38336e-12
25.35 2.28785e-06 -1.15537e-06 3.28456e-12
25.38 2.2542e-06 -1.13838e-06 3.18866e-12
25.41 2.22104e-06 -1.12164e-06 3.09555e-12
25.44 2.18838e-06 -1.10514e-06 3.00516e-12
25.47 2.15619e-06 -1.08888e-06 2.91742e-12
25.5 2.12448e-06 -1.07287e-06 2.83223e-12
25.53 2.09323e-06 -1.05709e-06 2.74953e-12
25.56 2.06245e-06 -1.04154e-06 2.66925e-12
25.59 2.03211e-06 -1.02622e-06 2.59131e-12
25.62 2.00222e-06 -1.01113e-06 2.51564e-12
25.65 1.97278e-06 -9.96259e-07 2.44219e-12
25.68 1.94376e-06 -9.81607e-07 2.37088e-12
25.71 1.91517e-06 -9.67169e-07 2.30165e-12
25.74 1.887e-06 -9.52944e-07 2.23444e-12
25.77 1.85925e-06 -9.38929e-07 2.1692e-12
25.8 1.83191e-06 -9.25119e-07 2.10586e-12
25.83 1.80496e-06 -9.11513e-07 2.04437e-12
25.86 1.77842e-06 -8.98107e-07 1.98468e-12
25.89 1.75226e-06 -8.84897e-07 1.92673e-12
25.92 1.72649e-06 -8.71883e-07 1.87047e-12
25.95 1.70109e-06 -8.59059e-07 1.81585e-12
25.98 1.67608e-06 -8.46424e-07 1.76283e-12
26.01 1.65142e-06 -8.33975e-07 1.71136e-12
26.04 1.62714e-06 -8.21709e-07 1.66139e-12
26.07 1.6032e-06 -8.09624e-07 1.61288e-12
26.1 1.57962e-06 -7.97716e-07 1.56578e-12
26.13 1.55639e-06 -7.85984e-07 1.52006e-12
26.16 1.5335e-06 -7.74424e-07 1.47568e-12
26.19 1.51095e-06 -7.63034e-07 1.43259e-12
26.22 1.48872e-06 -7.51811e-07 1.39076e-12
26.25 1.46683e-06 -7.40754e-07 1.35015e-12
26.28 1.44525e-06 -7.29859e-07 1.31073e-12
26.31 1.424e-06 -7.19124e-07 1.27245e-12
26.34 1.40305e-06 -7.08548e-07 1.2353e-12
26.37 1.38242e-06 -6.98126e-07 1.19923e-12
26.4 1.36209e-06 -6.87859e-07 1.16421e-12
26.43 1.34205e-06 -6.77742e-07 1.13022e-12
26.46 1.32231e-06 -6.67774e-07 1.09722e-12
26.49 1.30287e-06 -6.57952e-07 1.06518e-12
26.52 1.2837e-06 -6.48275e-07 1.03408e-12
26.55 1.26482e-06 -6.38741e-07 1.00388e-12
26.58 1.24622e-06 -6.29346e-07 9.74571e-13
26.61 1.22789e-06 -6.2009e-07 9.46114e-13
26.64 1.20983e-06 -6.1097e-07 9.18489e-13
26.67 1.19204e-06 -6.01984e-07 8.9167e-13
26.7 1.17451e-06 -5.9313e-07 8.65634e-13
26.73 1.15723e-06 -5.84406e-07 8.40358e-13
26.76 1.14021e-06 -5.75811e-07 8.1582e-13
26.79 1.12344e-06 -5.67342e-07 7.91999e-13
26.82 1.10692e-06 -5.58998e-07 7.68873e-13
26.85 1.09064e-06 -5.50776e-07 7.46423e-13
26.88 1.0746e-06 -5.42676e-07 7.24628e-13
26.91 1.05879e-06 -5.34694e-07 7.03469e-13
26.94 1.04322e-06 -5.2683e-07 6.82928e-13
26.97 1.02788e-06 -5.19081e-07 6.62988e-13
27 1.01276e-06 -5.11447e-07 6.43629e-13
27.03 9.97863e-07 -5.03925e-07 6.24835e-13
27.06 9.83187e-07 -4.96513e-07 6.06591e-13
27.09 9.68726e-07 -4.8921e-07 5.88879e-13
27.12 9.54479e-07 -4.82015e-07 5.71684e-13
27.15 9.4044e-07 -4.74926e-07 5.54991e-13
27.18 9.26609e-07 -4.67941e-07 5.38786e-13
27.21 9.1298e-07 -4.61058e-07 5.23054e-13
27.24 8.99552e-07 -4.54277e-07 5.07781e-13
27.27 8.86322e-07 -4.47596e-07 4.92954e-13
27.3 8.73286e-07 -4.41013e-07 4.78561e-13
27.33 8.60442e-07 -4.34527e-07 4.64587e-13
27.36 8.47787e-07 -4.28136e-07 4.51021e-13
27.39 8.35318e-07 -4.21839e-07 4.37852e-13
27.42 8.23032e-07 -4.15634e-07 4.25067e-13
27.45 8.10927e-07 -4.09521e-07 4.12655e-13
27.48 7.99e-07 -4.03498e-07 4.00606e-13
27.51 7.87249e-07 -3.97564e-07 3.88909e-13
27.54 7.7567e-07 -3.91716e-07 3.77553e-13
27.57 7.64262e-07 -3.85955e-07 3.66529e-13
27.6 7.53021e-07 -3.80279e-07 3.55826e-13
27.63 7.41946e-07 -3.74686e-07 3.45437e-13
27.66 7.31034e-07 -3.69175e-07 3.3535e-13
27.69 7.20282e-07 -3.63745e-07 3.25558e-13
27.72 7.09688e-07 -3.58395e-07 3.16052e-13
27.75 6.9925e-07 -3.53124e-07 3.06824e-13
27.78 6.88966e-07 -3.4793e-07 2.97865e-13
27.81 6.78833e-07 -3.42813e-07 2.89167e-13
27.84 6.68849e-07 -3.37771e-07 2.80724e-13
27.87 6.59011e-07 -3.32803e-07 2.72527e-13
27.9 6.49319e-07 -3.27908e-07 2.64569e-13
27.93 6.39769e-07 -3.23086e-07 2.56844e-13
27.96 6.30359e-07 -3.18334e-07 2.49345e-13
27.99 6.21088e-07 -3.13652e-07 2.42064e-13
28.02 6.11953e-07 -3.09039e-07 2.34996e-13
28.05 6.02953e-07 -3.04493e-07 2.28134e-13
28.08 5.94085e-07 -3.00015e-07 2.21473e-13
28.11 5.85347e-07 -2.95603e-07 2.15006e-13
28.14 5.76738e-07 -2.91255e-07 2.08728e-13
28.17 5.68255e-07 -2.86971e-07 2.02633e-13
28.2 5.59898e-07 -2.8275e-07 1.96717e-13
28.23 5.51663e-07 -2.78592e-07 1.90973e-13
28.26 5.43549e-07 -2.74494e-07 1.85396e-13
28.29 5.35555e-07 -2.70457e-07 1.79983e-13
28.32 5.27678e-07 -2.66479e-07 1.74728e-13
28.35 5.19917e-07 -2.6256e-07 1.69626e-13
28.38 5.1227e-07 -2.58698e-07 1.64673e-13
28.41 5.04736e-07 -2.54894e-07 1.59865e-13
28.44 4.97312e-07 -2.51145e-07 1.55197e-13
28.47 4.89998e-07 -2.47451e-07 1.50665e-13
28.5 4.82791e-07 -2.43811e-07 1.46266e-13
28.53 4.7569e-07 -2.40225e-07 1.41995e-13
28.56 4.68694e-07 -2.36692e-07 1.37849e-13
28.59 4.61801e-07 -2.33211e-07 1.33824e-13
28.62 4.55009e-07 -2.29781e-07 1.29916e-13
28.65 4.48317e-07 -2.26402e-07 1.26123e-13
28.68 4.41723e-07 -2.23072e-07 1.2244e-13
28.71 4.35226e-07 -2.19791e-07 1.18865e-13
28.74 4.28825e-07 -2.16558e-07 1.15394e-13
28.77 4.22518e-07 -2.13373e-07 1.12025e-13
28.8 4.16304e-07 -2.10235e-07 1.08754e-13
28.83 4.10181e-07 -2.07143e-07 1.05578e-13
28.86 4.04148e-07 -2.04096e-07 1.02495e-13
28.89 3.98204e-07 -2.01094e-07 9.95026e-14
28.92 3.92347e-07 -1.98137e-07 9.65972e-14
28.95 3.86576e-07 -1.95223e-07 9.37766e-14
28.98 3.80891e-07 -1.92351e-07 9.10384e-14
29.01 3.75289e-07 -1.89522e-07 8.83802e-14
29.04 3.69769e-07 -1.86735e-07 8.57995e-14
29.07 3.64331e-07 -1.83988e-07 8.32943e-14
29.1 3.58972e-07 -1.81282e-07 8.08621e-14
29.13 3.53692e-07 -1.78616e-07 7.8501e-14
29.16 3.4849e-07 -1.75989e-07 7.62089e-14
29.19 3.43365e-07 -1.73401e-07 7.39836e-14
29.22 3.38315e-07 -1.7085e-07 7.18234e-14
29.25 3.33339e-07 -1.68337e-07 6.97262e-14
29.28 3.28436e-07 -1.65862e-07 6.76902e-14
29.31 3.23606e-07 -1.63422e-07 6.57137e-14
29.34 3.18846e-07 -1.61019e-07 6.3795e-14
29.37 3.14157e-07 -1.5865e-07 6.19322e-14
29.4 3.09536e-07 -1.56317e-07 6.01238e-14
29.43 3.04984e-07 -1.54018e-07 5.83683e-14
29.46 3.00498e-07 -1.51753e-07 5.6664e-14
29.49 2.96078e-07 -1.49521e-07 5.50094e-14
29.52 2.91724e-07 -1.47322e-07 5.34032e-14
29.55 2.87433e-07 -1.45155e-07 5.18439e-14
29.58 2.83206e-07 -1.4302e-07 5.03301e-14
29.61 2.7904e-07 -1.40916e-07 4.88605e-14
29.64 2.74936e-07 -1.38844e-07 4.74338e-14
29.67 2.70893e-07 -1.36802e-07 4.60488e-14
29.7 2.66908e-07 -1.3479e-07 4.47042e-14
29.73 2.62983e-07 -1.32807e-07 4.33988e-14
29.76 2.59115e-07 -1.30854e-07 4.21316e-14
29.79 2.55304e-07 -1.28929e-07 4.09014e-14
29.82 2.51549e-07 -1.27033e-07 3.97071e-14
29.85 2.47849e-07 -1.25165e-07 3.85477e-14
29.88 2.44204e-07 -1.23324e-07 3.74222e-14
29.91 2.40612e-07 -1.2151e-07 3.63295e-14
29.94 2.37073e-07 -1.19723e-07 3.52687e-14
29.97 2.33587e-07 -1.17962e-07 3.42389e-14
