0 0.059523 1 0.501771
0.03 0.0885496 0.9841 0.488147
0.06 0.117061 0.967553 0.474931
0.09 0.14504 0.950383 0.462132
0.12 0.172468 0.932615 0.449758
0.15 0.199329 0.914275 0.437816
0.18 0.225609 0.895387 0.426308
0.21 0.251291 0.875976 0.415241
0.24 0.276361 0.856068 0.404614
0.27 0.300807 0.835689 0.39443
0.3 0.324616 0.814862 0.384688
0.33 0.347775 0.793615 0.375386
0.36 0.370274 0.771973 0.366522
0.39 0.392102 0.74996 0.358092
0.42 0.413249 0.727602 0.35009
0.45 0.433708 0.704925 0.342511
0.48 0.453469 0.681954 0.335348
0.51 0.472526 0.658713 0.328592
0.54 0.490872 0.635228 0.322235
0.57 0.508501 0.611524 0.316267
0.6 0.525407 0.587625 0.310678
0.63 0.541588 0.563556 0.305456
0.66 0.557038 0.53934 0.300589
0.69 0.571755 0.515002 0.296065
0.72 0.585736 0.490566 0.291871
0.75 0.598981 0.466055 0.287993
0.78 0.611488 0.441492 0.284417
0.81 0.623257 0.4169 0.281128
0.84 0.634289 0.392302 0.278112
0.87 0.644584 0.36772 0.275353
0.9 0.654145 0.343175 0.272837
0.93 0.662973 0.31869 0.270549
0.96 0.671073 0.294286 0.268471
0.99 0.678447 0.269982 0.26659
1.02 0.6851 0.2458 0.26489
1.05 0.691036 0.22176 0.263354
1.08 0.696261 0.19788 0.261968
1.11 0.700782 0.174181 0.260717
1.14 0.704604 0.150681 0.259586
1.17 0.707734 0.127397 0.258559
1.2 0.710181 0.104348 0.257623
1.23 0.711951 0.0815506 0.256763
1.26 0.713055 0.0590219 0.255965
1.29 0.7135 0.036778 0.255217
1.32 0.713296 0.0148347 0.254506
1.35 0.712453 -0.00679279 0.253818
1.38 0.710982 -0.0280898 0.253142
1.41 0.708893 -0.049042 0.252467
1.44 0.706197 -0.0696359 0.251782
1.47 0.702906 -0.0898581 0.251076
1.5 0.699032 -0.109696 0.25034
1.53 0.694587 -0.129138 0.249564
1.56 0.689583 -0.148172 0.24874
1.59 0.684034 -0.166787 0.24786
1.62 0.677953 -0.184973 0.246917
1.65 0.671352 -0.202719 0.245904
1.68 0.664247 -0.220017 0.244815
1.71 0.65665 -0.236857 0.243645
1.74 0.648576 -0.253232 0.242388
1.77 0.640039 -0.269133 0.241041
1.8 0.631054 -0.284553 0.2396
1.83 0.621637 -0.299486 0.238062
1.86 0.611801 -0.313925 0.236425
1.89 0.601562 -0.327865 0.234686
1.92 0.590935 -0.341301 0.232845
1.95 0.579935 -0.354229 0.230902
1.98 0.568579 -0.366643 0.228855
2.01 0.556882 -0.378542 0.226706
2.04 0.544858 -0.389921 0.224454
2.07 0.532525 -0.400779 0.222103
2.1 0.519897 -0.411113 0.219653
2.13 0.506991 -0.420922 0.217108
2.16 0.493822 -0.430205 0.214468
2.19 0.480406 -0.438962 0.211739
2.22 0.46676 -0.447192 0.208922
2.25 0.452897 -0.454896 0.206023
2.28 0.438835 -0.462075 0.203045
2.31 0.424589 -0.468731 0.199993
2.34 0.410175 -0.474865 0.19687
2.37 0.395608 -0.48048 0.193683
2.4 0.380903 -0.485578 0.190437
2.43 0.366076 -0.490163 0.187135
2.46 0.351142 -0.494237 0.183785
2.49 0.336115 -0.497806 0.180392
2.52 0.321012 -0.500873 0.176961
2.55 0.305846 -0.503444 0.173499
2.58 0.290633 -0.505522 0.17001
2.61 0.275386 -0.507115 0.166501
2.64 0.26012 -0.508227 0.162979
2.67 0.244849 -0.508865 0.159447
2.7 0.229587 -0.509036 0.155914
2.73 0.214347 -0.508746 0.152383
2.76 0.199142 -0.508002 0.148862
2.79 0.183987 -0.506813 0.145355
2.82 0.168893 -0.505185 0.141868
2.85 0.153874 -0.503126 0.138407
2.88 0.138941 -0.500646 0.134976
2.91 0.124107 -0.497753 0.13158
2.94 0.109384 -0.494455 0.128225
2.97 0.094784 -0.490761 0.124915
3 0.0803173 -0.486681 0.121655
3.03 0.0659953 -0.482225 0.118448
3.06 0.0518287 -0.477401 0.115299
3.09 0.0378279 -0.47222 0.112211
3.12 0.0240032 -0.466691 0.109188
3.15 0.0103642 -0.460826 0.106234
3.18 -0.00307958 -0.454633 0.10335
3.21 -0.0163189 -0.448125 0.100541
3.24 -0.0293449 -0.441311 0.097808
3.27 -0.0421492 -0.434201 0.0951537
3.3 -0.0547234 -0.426808 0.0925798
3.33 -0.0670598 -0.419141 0.0900882
3.36 -0.0791508 -0.411213 0.0876803
3.39 -0.0909891 -0.403033 0.0853571
3.42 -0.102568 -0.394613 0.0831196
3.45 -0.113881 -0.385964 0.0809684
3.48 -0.124922 -0.377097 0.0789038
3.51 -0.135684 -0.368024 0.0769261
3.54 -0.146164 -0.358756 0.0750349
3.57 -0.156354 -0.349304 0.07323
3.6 -0.166251 -0.33968 0.0715109
3.63 -0.175849 -0.329894 0.0698766
3.66 -0.185146 -0.319958 0.0683261
3.69 -0.194136 -0.309883 0.0668583
3.72 -0.202817 -0.299681 0.0654717
3.75 -0.211185 -0.289361 0.0641646
3.78 -0.219238 -0.278936 0.0629354
3.81 -0.226972 -0.268417 0.061782
3.84 -0.234386 -0.257813 0.0607024
3.87 -0.241478 -0.247137 0.0596943
3.9 -0.248247 -0.236398 0.0587553
3.93 -0.25469 -0.225608 0.057883
3.96 -0.260807 -0.214777 0.0570747
3.99 -0.266598 -0.203914 0.0563278
4.02 -0.272062 -0.193031 0.0556395
4.05 -0.2772 -0.182138 0.0550069
4.08 -0.28201 -0.171244 0.0544272
4.11 -0.286495 -0.160359 0.0538973
4.14 -0.290655 -0.149494 0.0534143
4.17 -0.294491 -0.138656 0.0529752
4.2 -0.298004 -0.127857 0.0525768
4.23 -0.301196 -0.117104 0.0522162
4.26 -0.304069 -0.106408 0.0518903
4.29 -0.306626 -0.0957756 0.0515962
4.32 -0.308868 -0.0852169 0.0513307
4.35 -0.310799 -0.0747399 0.0510909
4.38 -0.31242 -0.0643527 0.0508739
4.41 -0.313737 -0.0540635 0.0506768
4.44 -0.314751 -0.0438799 0.0504969
4.47 -0.315467 -0.0338096 0.0503312
4.5 -0.315888 -0.0238599 0.0501773
4.53 -0.316019 -0.014038 0.0500324
4.56 -0.315863 -0.00435081 0.0498941
4.59 -0.315425 0.00519501 0.04976
4.62 -0.31471 0.014593 0.0496276
4.65 -0.313722 0.0238368 0.0494949
4.68 -0.312467 0.0329206 0.0493597
4.71 -0.31095 0.0418384 0.04922
4.74 -0.309175 0.0505849 0.049074
4.77 -0.307149 0.0591546 0.0489198
4.8 -0.304876 0.0675425 0.0487558
4.83 -0.302364 0.0757438 0.0485805
4.86 -0.299617 0.083754 0.0483924
4.89 -0.296641 0.0915686 0.0481904
4.92 -0.293443 0.0991835 0.0479732
4.95 -0.290029 0.106595 0.0477397
4.98 -0.286406 0.113799 0.0474892
5.01 -0.282578 0.120793 0.0472208
5.04 -0.278554 0.127574 0.0469337
5.07 -0.27434 0.134137 0.0466275
5.1 -0.269942 0.140482 0.0463018
5.13 -0.265366 0.146605 0.0459562
5.16 -0.260621 0.152504 0.0455904
5.19 -0.255712 0.158177 0.0452045
5.22 -0.250647 0.163623 0.0447983
5.25 -0.245432 0.16884 0.0443721
5.28 -0.240075 0.173827 0.0439259
5.31 -0.234582 0.178583 0.0434602
5.34 -0.22896 0.183106 0.0429753
5.37 -0.223216 0.187397 0.0424716
5.4 -0.217358 0.191455 0.0419497
5.43 -0.211392 0.19528 0.0414103
5.46 -0.205325 0.198871 0.040854
5.49 -0.199164 0.20223 0.0402816
5.52 -0.192917 0.205356 0.039694
5.55 -0.186589 0.208251 0.0390919
5.58 -0.180189 0.210914 0.0384764
5.61 -0.173722 0.213348 0.0378485
5.64 -0.167196 0.215554 0.037209
5.67 -0.160618 0.217532 0.0365591
5.7 -0.153993 0.219285 0.0358999
5.73 -0.147329 0.220814 0.0352325
5.76 -0.140633 0.222122 0.0345579
5.79 -0.133911 0.22321 0.0338774
5.82 -0.127169 0.224081 0.033192
5.85 -0.120413 0.224737 0.032503
5.88 -0.113651 0.225181 0.0318115
5.91 -0.106887 0.225416 0.0311186
5.94 -0.100129 0.225444 0.0304254
5.97 -0.0933825 0.225269 0.0297332
6 -0.0866528 0.224894 0.029043
6.03 -0.0799462 0.224322 0.0283558
6.06 -0.0732681 0.223557 0.0276729
6.09 -0.0666243 0.222602 0.0269951
6.12 -0.0600202 0.221461 0.0263236
6.15 -0.0534611 0.220137 0.0256593
6.18 -0.0469523 0.218636 0.0250031
6.21 -0.0404988 0.21696 0.024356
6.24 -0.0341058 0.215114 0.0237187
6.27 -0.0277779 0.213103 0.0230922
6.3 -0.0215199 0.210929 0.0224771
6.33 -0.0153365 0.208599 0.0218743
6.36 -0.00923195 0.206115 0.0212844
6.39 -0.00321069 0.203484 0.020708
6.42 0.00272313 0.200708 0.0201456
6.45 0.00856549 0.197794 0.0195979
6.48 0.0143125 0.194745 0.0190653
6.51 0.0199604 0.191567 0.0185482
6.54 0.0255057 0.188264 0.018047
6.57 0.0309448 0.184842 0.017562
6.6 0.0362745 0.181304 0.0170935
6.63 0.0414916 0.177656 0.0166416
6.66 0.0465931 0.173903 0.0162066
6.69 0.0515761 0.17005 0.0157885
6.72 0.056438 0.166101 0.0153874
6.75 0.0611761 0.162062 0.0150033
6.78 0.0657881 0.157938 0.0146363
6.81 0.0702718 0.153734 0.0142861
6.84 0.0746249 0.149454 0.0139527
6.87 0.0788456 0.145104 0.0136359
6.9 0.0829319 0.140689 0.0133355
6.93 0.0868824 0.136213 0.0130513
6.96 0.0906954 0.131682 0.0127829
6.99 0.0943696 0.1271 0.0125301
7.02 0.0979038 0.122473 0.0122924
7.05 0.101297 0.117805 0.0120695
7.08 0.104548 0.113101 0.011861
7.11 0.107656 0.108365 0.0116664
7.14 0.11062 0.103603 0.0114853
7.17 0.113441 0.0988196 0.0113171
7.2 0.116117 0.0940187 0.0111613
7.23 0.118649 0.0892052 0.0110175
7.26 0.121035 0.0843836 0.0108851
7.29 0.123277 0.0795584 0.0107634
7.32 0.125375 0.0747339 0.010652
7.35 0.127328 0.0699146 0.0105502
7.38 0.129137 0.0651046 0.0104575
7.41 0.130803 0.0603082 0.0103733
7.44 0.132326 0.0555295 0.0102969
7.47 0.133708 0.0507724 0.0102278
7.5 0.134948 0.0460411 0.0101653
7.53 0.136048 0.0413392 0.010109
7.56 0.137009 0.0366707 0.0100581
7.59 0.137832 0.0320392 0.0100121
7.62 0.138519 0.0274484 0.00997053
7.65 0.139072 0.0229017 0.00993269
7.68 0.13949 0.0184025 0.00989808
7.71 0.139777 0.0139544 0.00986617
7.74 0.139934 0.00956034 0.00983642
7.77 0.139962 0.00522362 0.00980834
7.8 0.139864 0.000947256 0.00978144
7.83 0.139642 -0.00326582 0.00975525
7.86 0.139297 -0.00741275 0.00972931
7.89 0.138832 -0.0114908 0.0097032
7.92 0.138249 -0.0154974 0.00967651
7.95 0.137551 -0.0194299 0.00964885
7.98 0.136739 -0.0232859 0.00961986
8.01 0.135816 -0.0270631 0.0095892
8.04 0.134785 -0.0307593 0.00955654
8.07 0.133648 -0.0343724 0.0095216
8.1 0.132408 -0.0379004 0.0094841
8.13 0.131067 -0.0413413 0.0094438
8.16 0.129628 -0.0446934 0.00940047
8.19 0.128094 -0.047955 0.00935393
8.22 0.126468 -0.0511245 0.00930398
8.25 0.124753 -0.0542005 0.00925049
8.28 0.122951 -0.0571816 0.00919333
8.31 0.121065 -0.0600664 0.00913239
8.34 0.119099 -0.0628539 0.0090676
8.37 0.117055 -0.0655431 0.00899889
8.4 0.114936 -0.0681329 0.00892623
8.43 0.112746 -0.0706226 0.0088496
8.46 0.110487 -0.0730113 0.00876902
8.49 0.108163 -0.0752985 0.0086845
8.52 0.105776 -0.0774837 0.00859609
8.55 0.103329 -0.0795663 0.00850386
8.58 0.100826 -0.0815461 0.00840787
8.61 0.0982706 -0.0834228 0.00830823
8.64 0.0956646 -0.0851962 0.00820505
8.67 0.0930116 -0.0868664 0.00809846
8.7 0.0903147 -0.0884333 0.0079886
8.73 0.0875769 -0.0898972 0.00787561
8.76 0.0848014 -0.0912582 0.00775967
8.79 0.0819913 -0.0925166 0.00764094
8.82 0.0791494 -0.0936729 0.00751962
8.85 0.076279 -0.0947275 0.0073959
8.88 0.073383 -0.0956811 0.00726997
8.91 0.0704643 -0.0965343 0.00714204
8.94 0.0675261 -0.0972877 0.00701234
8.97 0.0645711 -0.0979423 0.00688106
9 0.0616023 -0.098499 0.00674845
9.03 0.0586227 -0.0989586 0.00661471
9.06 0.0556349 -0.0993223 0.00648009
9.09 0.0526419 -0.0995912 0.00634479
9.12 0.0496465 -0.0997664 0.00620905
9.15 0.0466513 -0.0998491 0.00607309
9.18 0.043659 -0.0998408 0.00593714
9.21 0.0406723 -0.0997427 0.00580142
9.24 0.0376938 -0.0995563 0.00566614
9.27 0.034726 -0.0992832 0.00553152
9.3 0.0317716 -0.0989247 0.00539777
9.33 0.0288328 -0.0984826 0.00526508
9.36 0.0259122 -0.0979585 0.00513366
9.39 0.023012 -0.0973541 0.00500369
9.42 0.0201347 -0.0966712 0.00487536
9.45 0.0172824 -0.0959115 0.00474885
9.48 0.0144573 -0.0950769 0.00462431
9.51 0.0116616 -0.0941692 0.00450191
9.54 0.00889734 -0.0931904 0.0043818
9.57 0.00616653 -0.0921424 0.00426412
9.6 0.00347113 -0.0910271 0.00414899
9.63 0.000813031 -0.0898467 0.00403655
9.66 -0.00180592 -0.0886032 0.00392689
9.69 -0.00438397 -0.0872985 0.00382012
9.72 -0.0069194 -0.0859348 0.00371634
9.75 -0.00941057 -0.0845143 0.00361561
9.78 -0.0118559 -0.083039 0.00351802
9.81 -0.0142539 -0.0815111 0.00342362
9.84 -0.0166031 -0.0799328 0.00333245
9.87 -0.0189021 -0.0783062 0.00324457
9.9 -0.0211496 -0.0766335 0.00316
9.93 -0.0233443 -0.0749169 0.00307875
9.96 -0.0254852 -0.0731587 0.00300084
9.99 -0.0275709 -0.071361 0.00292627
10.02 -0.0296006 -0.069526 0.00285503
10.05 -0.0315732 -0.067656 0.0027871
10.08 -0.0334878 -0.0657531 0.00272245
10.11 -0.0353435 -0.0638196 0.00266105
10.14 -0.0371396 -0.0618577 0.00260286
10.17 -0.0388753 -0.0598695 0.00254783
10.2 -0.04055 -0.0578573 0.00249589
10.23 -0.0421631 -0.0558232 0.00244698
10.26 -0.0437141 -0.0537693 0.00240103
10.29 -0.0452024 -0.0516979 0.00235796
10.32 -0.0466277 -0.049611 0.0023177
10.35 -0.0479897 -0.0475108 0.00228014
10.38 -0.049288 -0.0453993 0.0022452
10.41 -0.0505226 -0.0432786 0.00221278
10.44 -0.0516931 -0.0411508 0.00218278
10.47 -0.0527996 -0.0390178 0.00215509
10.5 -0.0538419 -0.0368818 0.00212961
10.53 -0.0548201 -0.0347446 0.00210622
10.56 -0.0557344 -0.0326081 0.0020848
10.59 -0.0565847 -0.0304744 0.00206526
10.62 -0.0573714 -0.0283453 0.00204747
10.65 -0.0580946 -0.0262225 0.0020313
10.68 -0.0587547 -0.0241081 0.00201666
10.71 -0.0593521 -0.0220036 0.00200341
10.74 -0.059887 -0.0199109 0.00199145
10.77 -0.0603601 -0.0178317 0.00198065
10.8 -0.0607717 -0.0157676 0.00197091
10.83 -0.0611224 -0.0137203 0.0019621
10.86 -0.0614129 -0.0116913 0.00195411
10.89 -0.0616437 -0.00968227 0.00194685
10.92 -0.0618156 -0.00769465 0.00194019
10.95 -0.0619293 -0.00572992 0.00193403
10.98 -0.0619855 -0.00378951 0.00192828
11.01 -0.0619851 -0.00187478 0.00192284
11.04 -0.061929 1.29029e-05 0.0019176
11.07 -0.0618179 0.00187226 0.00191248
11.1 -0.0616529 0.00370205 0.00190739
11.13 -0.0614348 0.00550106 0.00190225
11.16 -0.0611648 0.00726813 0.00189698
11.19 -0.0608437 0.00900215 0.0018915
11.22 -0.0604727 0.0107021 0.00188574
11.25 -0.0600528 0.0123668 0.00187964
11.28 -0.0595852 0.0139955 0.00187314
11.31 -0.059071 0.0155872 0.00186617
11.34 -0.0585113 0.0171409 0.00185869
11.37 -0.0579074 0.0186559 0.00185065
11.4 -0.0572604 0.0201314 0.00184201
11.43 -0.0565716 0.0215667 0.00183273
11.46 -0.0558421 0.022961 0.00182278
11.49 -0.0550734 0.0243137 0.00181212
11.52 -0.0542666 0.0256243 0.00180074
11.55 -0.0534231 0.0268921 0.00178861
11.58 -0.0525442 0.0281167 0.00177572
11.61 -0.0516312 0.0292977 0.00176207
11.64 -0.0506854 0.0304346 0.00174763
11.67 -0.0497081 0.031527 0.00173242
11.7 -0.0487008 0.0325746 0.00171644
11.73 -0.0476648 0.0335772 0.00169968
11.76 -0.0466014 0.0345346 0.00168216
11.79 -0.045512 0.0354465 0.0016639
11.82 -0.044398 0.0363129 0.0016449
11.85 -0.0432607 0.0371335 0.0016252
11.88 -0.0421016 0.0379085 0.0016048
11.91 -0.040922 0.0386377 0.00158374
11.94 -0.0397232 0.0393212 0.00156204
11.97 -0.0385067 0.039959 0.00153974
12 -0.0372737 0.0405513 0.00151687
12.03 -0.0360257 0.0410982 0.00149346
12.06 -0.034764 0.0416 0.00146955
12.09 -0.0334899 0.0420568 0.00144517
12.12 -0.0322048 0.0424688 0.00142038
12.15 -0.03091 0.0428365 0.0013952
12.18 -0.0296068 0.0431601 0.00136968
12.21 -0.0282965 0.04344 0.00134386
12.24 -0.0269804 0.0436766 0.00131779
12.27 -0.0256598 0.0438703 0.00129152
12.3 -0.0243359 0.0440217 0.00126507
12.33 -0.0230099 0.0441312 0.00123851
12.36 -0.0216831 0.0441993 0.00121187
12.39 -0.0203567 0.0442266 0.00118519
12.42 -0.0190318 0.0442137 0.00115853
12.45 -0.0177097 0.0441612 0.00113192
12.48 -0.0163915 0.0440697 0.00110541
12.51 -0.0150784 0.04394 0.00107904
12.54 -0.0137713 0.0437726 0.00105284
12.57 -0.0124715 0.0435684 0.00102687
12.6 -0.0111799 0.043328 0.00100115
12.63 -0.00989765 0.0430522 0.000975728
12.66 -0.00862572 0.0427418 0.000950633
12.69 -0.00736511 0.0423976 0.000925901
12.72 -0.00611678 0.0420204 0.000901566
12.75 -0.00488167 0.0416111 0.000877656
12.78 -0.00366069 0.0411704 0.000854202
12.81 -0.00245473 0.0406993 0.000831229
12.84 -0.00126465 0.0401986 0.000808765
12.87 -9.12836e-05 0.0396693 0.000786831
12.9 0.00106456 0.0391122 0.000765449
12.93 0.00220212 0.0385283 0.000744638
12.96 0.00332062 0.0379184 0.000724415
12.99 0.00441936 0.0372836 0.000704797
13.02 0.00549764 0.0366247 0.000685796
13.05 0.0065548 0.0359427 0.000667423
13.08 0.00759021 0.0352387 0.000649687
13.11 0.00860325 0.0345134 0.000632596
13.14 0.00959335 0.033768 0.000616156
13.17 0.01056 0.0330034 0.000600369
13.2 0.0115026 0.0322206 0.000585237
13.23 0.0124207 0.0314204 0.000570759
13.26 0.0133139 0.0306041 0.000556934
13.29 0.0141817 0.0297724 0.000543757
13.32 0.0150237 0.0289264 0.000531223
13.35 0.0158395 0.028067 0.000519325
13.38 0.0166289 0.0271953 0.000508053
13.41 0.0173915 0.0263122 0.000497398
13.44 0.0181269 0.0254187 0.000487347
13.47 0.0188351 0.0245156 0.000477888
13.5 0.0195156 0.0236041 0.000469006
13.53 0.0201684 0.022685 0.000460686
13.56 0.0207932 0.0217592 0.000452911
13.59 0.02139 0.0208278 0.000445664
13.62 0.0219585 0.0198916 0.000438925
13.65 0.0224988 0.0189515 0.000432677
13.68 0.0230107 0.0180085 0.000426898
13.71 0.0234942 0.0170634 0.000421568
13.74 0.0239493 0.0161171 0.000416665
13.77 0.024376 0.0151705 0.000412168
13.8 0.0247744 0.0142245 0.000408054
13.83 0.0251445 0.0132799 0.000404301
13.86 0.0254865 0.0123374 0.000400886
13.89 0.0258004 0.011398 0.000397787
13.92 0.0260863 0.0104625 0.000394979
13.95 0.0263445 0.00953151 0.000392441
13.98 0.0265751 0.00860595 0.000390149
14.01 0.0267783 0.00768652 0.00038808
14.04 0.0269544 0.00677397 0.000386212
14.07 0.0271035 0.00586902 0.000384524
14.1 0.0272261 0.00497235 0.000382992
14.13 0.0273223 0.00408466 0.000381596
14.16 0.0273924 0.00320661 0.000380314
14.19 0.0274369 0.00233884 0.000379127
14.22 0.027456 0.00148198 0.000378014
14.25 0.0274501 0.000636646 0.000376957
14.28 0.0274196 -0.000196584 0.000375936
14.31 0.0273649 -0.00101714 0.000374935
14.34 0.0272863 -0.00182447 0.000373936
14.37 0.0271844 -0.00261805 0.000372923
14.4 0.0270595 -0.00339737 0.00037188
14.43 0.0269122 -0.00416194 0.000370794
14.46 0.0267428 -0.00491129 0.00036965
14.49 0.026552 -0.00564499 0.000368436
14.52 0.0263401 -0.0063626 0.000367141
14.55 0.0261076 -0.00706372 0.000365752
14.58 0.0258552 -0.00774797 0.00036426
14.61 0.0255832 -0.00841498 0.000362657
14.64 0.0252924 -0.00906441 0.000360933
14.67 0.0249831 -0.00969594 0.000359083
14.7 0.024656 -0.0103093 0.000357099
14.73 0.0243115 -0.0109041 0.000354976
14.76 0.0239504 -0.0114802 0.000352709
14.79 0.0235732 -0.0120374 0.000350296
14.82 0.0231804 -0.0125753 0.000347734
14.85 0.0227726 -0.0130939 0.00034502
14.88 0.0223504 -0.0135929 0.000342154
14.91 0.0219144 -0.0140722 0.000339135
14.94 0.0214653 -0.0145316 0.000335964
14.97 0.0210036 -0.0149711 0.000332642
15 0.0205299 -0.0153905 0.000329172
15.03 0.0200448 -0.0157897 0.000325556
15.06 0.019549 -0.0161688 0.000321797
15.09 0.019043 -0.0165276 0.000317899
15.12 0.0185275 -0.0168661 0.000313868
15.15 0.018003 -0.0171844 0.000309707
15.18 0.0174702 -0.0174825 0.000305423
15.21 0.0169297 -0.0177604 0.000301022
15.24 0.016382 -0.0180181 0.00029651
15.27 0.0158278 -0.0182557 0.000291895
15.3 0.0152677 -0.0184733 0.000287182
15.33 0.0147022 -0.018671 0.000282381
15.36 0.014132 -0.018849 0.000277499
15.39 0.0135576 -0.0190073 0.000272544
15.42 0.0129796 -0.0191462 0.000267523
15.45 0.0123986 -0.0192657 0.000262447
15.48 0.0118152 -0.0193661 0.000257323
15.51 0.0112299 -0.0194476 0.00025216
15.54 0.0106433 -0.0195103 0.000246966
15.57 0.0100559 -0.0195546 0.000241751
15.6 0.0094682 -0.0195805 0.000236522
15.63 0.00888084 -0.0195885 0.00023129
15.66 0.00829429 -0.0195787 0.000226061
15.69 0.00770908 -0.0195515 0.000220845
15.72 0.00712571 -0.019507 0.00021565
15.75 0.00654468 -0.0194457 0.000210484
15.78 0.00596647 -0.0193678 0.000205355
15.81 0.00539156 -0.0192736 0.000200271
15.84 0.00482043 -0.0191635 0.000195238
15.87 0.00425353 -0.0190378 0.000190265
15.9 0.0036913 -0.0188968 0.000185358
15.93 0.00313418 -0.018741 0.000180524
15.96 0.00258259 -0.0185706 0.000175769
15.99 0.00203696 -0.0183861 0.000171099
16.02 0.00149768 -0.0181878 0.000166519
16.05 0.000965139 -0.0179761 0.000162035
16.08 0.000439718 -0.0177514 0.000157652
16.11 -7.82174e-05 -0.017514 0.000153374
16.14 -0.000588314 -0.0172645 0.000149205
16.17 -0.00109023 -0.0170032 0.000145149
16.2 -0.00158363 -0.0167305 0.000141209
16.23 -0.00206821 -0.0164468 0.000137388
16.26 -0.00254366 -0.0161526 0.000133689
16.29 -0.00300969 -0.0158483 0.000130113
16.32 -0.00346602 -0.0155343 0.000126663
16.35 -0.00391238 -0.015211 0.00012334
16.38 -0.00434853 -0.0148788 0.000120144
16.41 -0.00477422 -0.0145383 0.000117077
16.44 -0.00518923 -0.0141897 0.000114138
16.47 -0.00559335 -0.0138337 0.000111328
16.5 -0.00598636 -0.0134705 0.000108645
16.53 -0.0063681 -0.0131006 0.000106089
16.56 -0.00673838 -0.0127245 0.00010366
16.59 -0.00709704 -0.0123426 0.000101354
16.62 -0.00744393 -0.0119553 9.91708e-05
16.65 -0.00777892 -0.0115631 9.71081e-05
16.68 -0.00810188 -0.0111663 9.51635e-05
16.71 -0.00841271 -0.0107654 9.33343e-05
16.74 -0.0087113 -0.0103609 9.16176e-05
16.77 -0.00899758 -0.00995311 9.00104e-05
16.8 -0.00927146 -0.00954248 8.85094e-05
16.83 -0.00953289 -0.00912941 8.71111e-05
16.86 -0.00978182 -0.00871433 8.58117e-05
16.89 -0.0100182 -0.00829763 8.46076e-05
16.92 -0.010242 -0.00787971 8.34946e-05
16.95 -0.0104533 -0.00746097 8.24687e-05
16.98 -0.010652 -0.00704179 8.15256e-05
17.01 -0.0108381 -0.00662256 8.06612e-05
17.04 -0.0110116 -0.00620367 7.98709e-05
17.07 -0.0111727 -0.00578547 7.91504e-05
17.1 -0.0113213 -0.00536834 7.84951e-05
17.13 -0.0114574 -0.00495263 7.79007e-05
17.16 -0.0115812 -0.00453871 7.73625e-05
17.19 -0.0116928 -0.0041269 7.68761e-05
17.22 -0.0117921 -0.00371756 7.64369e-05
17.25 -0.0118793 -0.00331101 7.60406e-05
17.28 -0.0119546 -0.00290759 7.56827e-05
17.31 -0.0120179 -0.00250759 7.53589e-05
17.34 -0.0120695 -0.00211134 7.50649e-05
17.37 -0.0121094 -0.00171914 7.47966e-05
17.4 -0.0121378 -0.00133126 7.45498e-05
17.43 -0.0121549 -0.000948013 7.43206e-05
17.46 -0.0121608 -0.000569657 7.41051e-05
17.49 -0.0121557 -0.000196465 7.38997e-05
17.52 -0.0121397 0.000171307 7.37007e-05
17.55 -0.012113 0.000533408 7.35046e-05
17.58 -0.0120758 0.000889598 7.33083e-05
17.61 -0.0120283 0.00123964 7.31085e-05
17.64 -0.0119707 0.00158332 7.29023e-05
17.67 -0.0119032 0.00192042 7.26868e-05
17.7 -0.011826 0.00225074 7.24595e-05
17.73 -0.0117392 0.00257407 7.22179e-05
17.76 -0.0116433 0.00289024 7.19597e-05
17.79 -0.0115383 0.00319906 7.16828e-05
17.82 -0.0114244 0.00350038 7.13853e-05
17.85 -0.011302 0.00379402 7.10654e-05
17.88 -0.0111713 0.00407984 7.07217e-05
17.91 -0.0110325 0.0043577 7.03527e-05
17.94 -0.0108858 0.00462748 6.99573e-05
17.97 -0.0107316 0.00488904 6.95345e-05
18 -0.0105699 0.00514228 6.90833e-05
18.03 -0.0104012 0.00538709 6.86033e-05
18.06 -0.0102257 0.00562338 6.80938e-05
18.09 -0.0100436 0.00585107 6.75545e-05
18.12 -0.00985519 0.00607008 6.69853e-05
18.15 -0.00966074 0.00628033 6.63862e-05
18.18 -0.00946051 0.00648178 6.57574e-05
18.21 -0.00925477 0.00667438 6.5099e-05
18.24 -0.00904378 0.00685808 6.44116e-05
18.27 -0.00882782 0.00703285 6.36957e-05
18.3 -0.00860716 0.00719867 6.2952e-05
18.33 -0.00838205 0.00735553 6.21813e-05
18.36 -0.00815278 0.00750341 6.13845e-05
18.39 -0.00791962 0.00764232 6.05627e-05
18.42 -0.00768282 0.00777227 5.97169e-05
18.45 -0.00744266 0.00789327 5.88484e-05
18.48 -0.0071994 0.00800536 5.79586e-05
18.51 -0.00695331 0.00810856 5.70486e-05
18.54 -0.00670466 0.00820291 5.61201e-05
18.57 -0.0064537 0.00828847 5.51745e-05
18.6 -0.0062007 0.00836528 5.42133e-05
18.63 -0.00594591 0.00843341 5.32381e-05
18.66 -0.00568959 0.00849293 5.22507e-05
18.69 -0.005432 0.00854391 5.12525e-05
18.72 -0.00517338 0.00858644 5.02454e-05
18.75 -0.00491399 0.00862061 4.92311e-05
18.78 -0.00465406 0.0086465 4.82111e-05
18.81 -0.00439384 0.00866422 4.71873e-05
18.84 -0.00413358 0.00867388 4.61613e-05
18.87 -0.00387349 0.00867559 4.51349e-05
18.9 -0.00361382 0.00866946 4.41096e-05
18.93 -0.0033548 0.00865562 4.30872e-05
18.96 -0.00309664 0.0086342 4.20693e-05
18.99 -0.00283956 0.00860533 4.10574e-05
19.02 -0.00258379 0.00856915 4.00532e-05
19.05 -0.00232953 0.0085258 3.9058e-05
19.08 -0.00207698 0.00847543 3.80734e-05
19.11 -0.00182635 0.00841818 3.71007e-05
19.14 -0.00157784 0.00835422 3.61413e-05
19.17 -0.00133164 0.0082837 3.51965e-05
19.2 -0.00108793 0.00820678 3.42674e-05
19.23 -0.000846899 0.00812362 3.33553e-05
19.26 -0.00060872 0.00803441 3.24611e-05
19.29 -0.000373566 0.0079393 3.1586e-05
19.32 -0.000141602 0.00783847 3.07308e-05
19.35 8.70085e-05 0.0077321 2.98965e-05
19.38 0.000312112 0.00762037 2.90837e-05
19.41 0.000533558 0.00750345 2.82932e-05
19.44 0.000751202 0.00738154 2.75257e-05
19.47 0.000964906 0.00725481 2.67816e-05
19.5 0.00117454 0.00712345 2.60615e-05
19.53 0.00137996 0.00698765 2.53658e-05
19.56 0.00158107 0.0068476 2.46947e-05
19.59 0.00177773 0.00670349 2.40485e-05
19.62 0.00196985 0.0065555 2.34275e-05
19.65 0.00215731 0.00640384 2.28316e-05
19.68 0.00234002 0.00624868 2.22609e-05
19.71 0.00251788 0.00609023 2.17153e-05
19.74 0.0026908 0.00592868 2.11948e-05
19.77 0.00285871 0.00576421 2.06992e-05
19.8 0.00302153 0.00559703 2.02282e-05
19.83 0.00317919 0.00542731 1.97815e-05
19.86 0.00333162 0.00525525 1.93587e-05
19.89 0.00347877 0.00508105 1.89594e-05
19.92 0.00362058 0.00490489 1.85832e-05
19.95 0.003757 0.00472695 1.82295e-05
19.98 0.00388799 0.00454743 1.78978e-05
20.01 0.00401353 0.00436651 1.75874e-05
20.04 0.00413356 0.00418437 1.72976e-05
20.07 0.00424808 0.0040012 1.70279e-05
20.1 0.00435705 0.00381717 1.67774e-05
20.13 0.00446047 0.00363247 1.65453e-05
20.16 0.00455832 0.00344727 1.6331e-05
20.19 0.0046506 0.00326175 1.61336e-05
20.22 0.00473732 0.00307608 1.59522e-05
20.25 0.00481846 0.00289042 1.57861e-05
20.28 0.00489406 0.00270494 1.56343e-05
20.31 0.00496411 0.00251981 1.54959e-05
20.34 0.00502865 0.00233519 1.53702e-05
20.37 0.0050877 0.00215124 1.52562e-05
20.4 0.00514127 0.00196811 1.51531e-05
20.43 0.00518942 0.00178596 1.50599e-05
20.46 0.00523218 0.00160493 1.49757e-05
20.49 0.00526958 0.00142518 1.48998e-05
20.52 0.00530168 0.00124683 1.48312e-05
20.55 0.00532853 0.00107004 1.47691e-05
20.58 0.00535018 0.000894943 1.47127e-05
20.61 0.00536669 0.000721662 1.46611e-05
20.64 0.00537812 0.000550332 1.46135e-05
20.67 0.00538454 0.000381076 1.45693e-05
20.7 0.00538602 0.000214016 1.45275e-05
20.73 0.00538263 4.92698e-05 1.44876e-05
20.76 0.00537445 -0.00011305 1.44487e-05
20.79 0.00536155 -0.000272833 1.44103e-05
20.82 0.00534402 -0.000429974 1.43717e-05
20.85 0.00532194 -0.000584371 1.43323e-05
20.88 0.0052954 -0.000735926 1.42914e-05
20.91 0.0052645 -0.000884545 1.42487e-05
20.94 0.00522932 -0.00103014 1.42035e-05
20.97 0.00518996 -0.00117262 1.41554e-05
21 0.00514652 -0.00131191 1.41039e-05
21.03 0.00509911 -0.00144793 1.40487e-05
21.06 0.00504781 -0.00158061 1.39894e-05
21.09 0.00499274 -0.00170987 1.39256e-05
21.12 0.004934 -0.00183566 1.3857e-05
21.15 0.00487171 -0.00195791 1.37835e-05
21.18 0.00480596 -0.00207656 1.37047e-05
21.21 0.00473687 -0.00219156 1.36205e-05
21.24 0.00466456 -0.00230287 1.35307e-05
21.27 0.00458913 -0.00241043 1.34352e-05
21.3 0.00451071 -0.00251421 1.33339e-05
21.33 0.0044294 -0.00261417 1.32267e-05
21.36 0.00434533 -0.00271028 1.31137e-05
21.39 0.0042586 -0.00280251 1.29949e-05
21.42 0.00416934 -0.00289083 1.28702e-05
21.45 0.00407767 -0.00297522 1.27397e-05
21.48 0.00398371 -0.00305568 1.26035e-05
21.51 0.00388757 -0.00313217 1.24618e-05
21.54 0.00378937 -0.0032047 1.23147e-05
21.57 0.00368923 -0.00327326 1.21623e-05
21.6 0.00358728 -0.00333784 1.20049e-05
21.63 0.00348363 -0.00339845 1.18426e-05
21.66 0.00337839 -0.00345509 1.16756e-05
21.69 0.0032717 -0.00350777 1.15042e-05
21.72 0.00316366 -0.00355651 1.13287e-05
21.75 0.00305439 -0.00360131 1.11494e-05
21.78 0.00294402 -0.0036422 1.09664e-05
21.81 0.00283265 -0.0036792 1.07802e-05
21.84 0.0027204 -0.00371233 1.0591e-05
21.87 0.00260739 -0.00374163 1.03991e-05
21.9 0.00249372 -0.00376711 1.02049e-05
21.93 0.00237952 -0.00378883 1.00087e-05
21.96 0.00226488 -0.00380681 9.81075e-06
21.99 0.00214993 -0.00382109 9.61148e-06
22.02 0.00203477 -0.00383172 9.41119e-06
22.05 0.0019195 -0.00383874 9.21023e-06
22.08 0.00180424 -0.00384221 9.00891e-06
22.11 0.00168908 -0.00384216 8.80759e-06
22.14 0.00157413 -0.00383865 8.60657e-06
22.17 0.00145948 -0.00383175 8.40618e-06
22.2 0.00134524 -0.00382149 8.20675e-06
22.23 0.00123151 -0.00380796 8.00857e-06
22.26 0.00111837 -0.00379119 7.81195e-06
22.29 0.00100592 -0.00377127 7.61718e-06
22.32 0.000894256 -0.00374825 7.42455e-06
22.35 0.00078346 -0.00372221 7.23432e-06
22.38 0.000673621 -0.0036932 7.04675e-06
22.41 0.000564823 -0.00366131 6.8621e-06
22.44 0.000457148 -0.0036266 6.68059e-06
22.47 0.000350678 -0.00358914 6.50246e-06
22.5 0.000245489 -0.00354902 6.3279e-06
22.53 0.000141656 -0.0035063 6.15712e-06
22.56 3.92543e-05 -0.00346107 5.99029e-06
22.59 -6.16473e-05 -0.00341341 5.82758e-06
22.62 -0.00016098 -0.00336338 5.66913e-06
22.65 -0.000258677 -0.00331108 5.5151e-06
22.68 -0.000354677 -0.00325659 5.36558e-06
22.71 -0.000448917 -0.00319998 5.2207e-06
22.74 -0.00054134 -0.00314134 5.08053e-06
22.77 -0.000631889 -0.00308075 4.94516e-06
22.8 -0.000720511 -0.0030183 4.81464e-06
22.83 -0.000807155 -0.00295407 4.68901e-06
22.86 -0.000891773 -0.00288814 4.56831e-06
22.89 -0.000974319 -0.00282061 4.45256e-06
22.92 -0.00105475 -0.00275154 4.34175e-06
22.95 -0.00113303 -0.00268104 4.23586e-06
22.98 -0.00120911 -0.00260918 4.13489e-06
23.01 -0.00128296 -0.00253605 4.03878e-06
23.04 -0.00135455 -0.00246174 3.94749e-06
23.07 -0.00142385 -0.00238633 3.86094e-06
23.1 -0.00149082 -0.00230989 3.77908e-06
23.13 -0.00155545 -0.00223253 3.70181e-06
23.16 -0.00161771 -0.00215432 3.62904e-06
23.19 -0.00167758 -0.00207534 3.56066e-06
23.22 -0.00173504 -0.00199568 3.49656e-06
23.25 -0.00179008 -0.00191542 3.43661e-06
23.28 -0.00184269 -0.00183463 3.38068e-06
23.31 -0.00189284 -0.00175341 3.32865e-06
23.34 -0.00194054 -0.00167183 3.28035e-06
23.37 -0.00198578 -0.00158997 3.23565e-06
23.4 -0.00202855 -0.0015079 3.19439e-06
23.43 -0.00206885 -0.00142571 3.1564e-06
23.46 -0.00210669 -0.00134347 3.12152e-06
23.49 -0.00214206 -0.00126125 3.08959e-06
23.52 -0.00217498 -0.00117913 3.06044e-06
23.55 -0.00220544 -0.00109718 3.03389e-06
23.58 -0.00223347 -0.00101547 3.00978e-06
23.61 -0.00225906 -0.000934078 2.98792e-06
23.64 -0.00228223 -0.000853063 2.96815e-06
23.67 -0.00230301 -0.000772495 2.95029e-06
23.7 -0.00232139 -0.000692441 2.93417e-06
23.73 -0.00233742 -0.000612964 2.91963e-06
23.76 -0.0023511 -0.000534128 2.90648e-06
23.79 -0.00236246 -0.000455993 2.89457e-06
23.82 -0.00237152 -0.000378621 2.88373e-06
23.85 -0.00237831 -0.000302068 2.8738e-06
23.88 -0.00238286 -0.000226391 2.86464e-06
23.91 -0.0023852 -0.000151646 2.85608e-06
23.94 -0.00238535 -7.78853e-05 2.84798e-06
23.97 -0.00238336 -5.16113e-06 2.84021e-06
24 -0.00237925 6.64768e-05 2.83262e-06
24.03 -0.00237306 0.00013698 2.82509e-06
24.06 -0.00236483 0.000206303 2.81748e-06
24.09 -0.00235459 0.0002744 2.80969e-06
24.12 -0.00234239 0.000341229 2.80161e-06
24.15 -0.00232826 0.000406748 2.79312e-06
24.18 -0.00231225 0.000470919 2.78413e-06
24.21 -0.0022944 0.000533703 2.77455e-06
24.24 -0.00227475 0.000595065 2.76429e-06
24.27 -0.00225335 0.000654971 2.75328e-06
24.3 -0.00223024 0.000713388 2.74144e-06
24.33 -0.00220547 0.000770288 2.72872e-06
24.36 -0.00217909 0.000825641 2.71505e-06
24.39 -0.00215114 0.00087942 2.70039e-06
24.42 -0.00212167 0.000931602 2.68469e-06
24.45 -0.00209074 0.000982162 2.66792e-06
24.48 -0.00205839 0.00103108 2.65005e-06
24.51 -0.00202467 0.00107834 2.63105e-06
24.54 -0.00198964 0.00112391 2.61092e-06
24.57 -0.00195334 0.00116779 2.58964e-06
24.6 -0.00191583 0.00120997 2.56721e-06
24.63 -0.00187715 0.00125042 2.54362e-06
24.66 -0.00183737 0.00128914 2.5189e-06
24.69 -0.00179653 0.00132611 2.49305e-06
24.72 -0.00175469 0.00136134 2.46609e-06
24.75 -0.00171189 0.00139482 2.43804e-06
24.78 -0.00166819 0.00142654 2.40894e-06
24.81 -0.00162365 0.00145649 2.37881e-06
24.84 -0.00157832 0.00148469 2.3477e-06
24.87 -0.00153225 0.00151113 2.31565e-06
24.9 -0.00148548 0.00153582 2.28269e-06
24.93 -0.00143808 0.00155875 2.24889e-06
24.96 -0.0013901 0.00157993 2.21428e-06
24.99 -0.00134159 0.00159937 2.17893e-06
25.02 -0.0012926 0.00161708 2.14289e-06
25.05 -0.00124318 0.00163308 2.10621e-06
25.08 -0.00119338 0.00164736 2.06897e-06
25.11 -0.00114325 0.00165994 2.03122e-06
25.14 -0.00109285 0.00167085 1.99302e-06
25.17 -0.00104222 0.00168008 1.95445e-06
25.2 -0.000991414 0.00168766 1.91556e-06
25.23 -0.000940475 0.00169362 1.87641e-06
25.26 -0.000889454 0.00169795 1.83709e-06
25.29 -0.000838398 0.0017007 1.79764e-06
25.32 -0.000787353 0.00170187 1.75815e-06
25.35 -0.000736365 0.0017015 1.71866e-06
25.38 -0.000685479 0.00169959 1.67925e-06
25.41 -0.00063474 0.00169619 1.63998e-06
25.44 -0.000584191 0.00169131 1.60091e-06
25.47 -0.000533873 0.00168499 1.5621e-06
25.5 -0.000483831 0.00167724 1.52361e-06
25.53 -0.000434103 0.00166809 1.48549e-06
25.56 -0.000384731 0.00165759 1.44781e-06
25.59 -0.000335753 0.00164575 1.41061e-06
25.62 -0.000287207 0.0016326 1.37394e-06
25.65 -0.000239131 0.00161819 1.33785e-06
25.68 -0.000191561 0.00160253 1.3024e-06
25.71 -0.000144532 0.00158567 1.26761e-06
25.74 -9.80788e-05 0.00156763 1.23354e-06
25.77 -5.22338e-05 0.00154845 1.20021e-06
25.8 -7.02958e-06 0.00152816 1.16767e-06
25.83 3.7503e-05 0.00150681 1.13594e-06
25.86 8.13338e-05 0.00148442 1.10506e-06
25.89 0.000124434 0.00146103 1.07504e-06
25.92 0.000166776 0.00143667 1.04592e-06
25.95 0.000208332 0.00141139 1.01771e-06
25.98 0.000249078 0.00138521 9.90429e-07
26.01 0.000288988 0.00135819 9.64091e-07
26.04 0.000328039 0.00133034 9.38708e-07
26.07 0.00036621 0.00130172 9.14287e-07
26.1 0.000403478 0.00127235 8.90833e-07
26.13 0.000439824 0.00124228 8.68349e-07
26.16 0.000475229 0.00121154 8.46835e-07
26.19 0.000509676 0.00118017 8.26287e-07
26.22 0.000543147 0.00114821 8.06699e-07
26.25 0.000575627 0.0011157 7.88064e-07
26.28 0.000607101 0.00108267 7.70371e-07
26.31 0.000637558 0.00104916 7.53608e-07
26.34 0.000666983 0.00101521 7.37758e-07
26.37 0.000695367 0.000980854 7.22805e-07
26.4 0.0007227 0.000946132 7.0873e-07
26.43 0.000748972 0.000911079 6.95512e-07
26.46 0.000774175 0.000875732 6.83127e-07
26.49 0.000798304 0.000840127 6.71551e-07
26.52 0.000821353 0.000804299 6.60759e-07
26.55 0.000843317 0.000768286 6.50723e-07
26.58 0.000864192 0.000732121 6.41414e-07
26.61 0.000883976 0.00069584 6.32803e-07
26.64 0.000902668 0.000659476 6.24859e-07
26.67 0.000920267 0.000623065 6.17551e-07
26.7 0.000936774 0.000586639 6.10845e-07
26.73 0.00095219 0.000550231 6.0471e-07
26.76 0.000966518 0.000513875 5.99112e-07
26.79 0.000979762 0.000477601 5.94018e-07
26.82 0.000991924 0.000441441 5.89392e-07
26.85 0.00100301 0.000405427 5.85202e-07
26.88 0.00101303 0.000369588 5.81413e-07
26.91 0.00102199 0.000333953 5.77991e-07
26.94 0.00102989 0.000298553 5.74903e-07
26.97 0.00103675 0.000263415 5.72116e-07
27 0.00104257 0.000228567 5.69595e-07
27.03 0.00104736 0.000194036 5.6731e-07
27.06 0.00105114 0.000159849 5.65228e-07
27.09 0.00105392 0.00012603 5.63318e-07
27.12 0.00105571 9.26054e-05 5.6155e-07
27.15 0.00105652 5.95987e-05 5.59895e-07
27.18 0.00105637 2.70334e-05 5.58323e-07
27.21 0.00105527 -5.06774e-06 5.56809e-07
27.24 0.00105324 -3.66828e-05 5.55325e-07
27.27 0.00105028 -6.77906e-05 5.53846e-07
27.3 0.00104643 -9.83708e-05 5.52348e-07
27.33 0.0010417 -0.000128404 5.50809e-07
27.36 0.00103609 -0.000157871 5.49206e-07
27.39 0.00102964 -0.000186753 5.4752e-07
27.42 0.00102236 -0.000215035 5.45731e-07
27.45 0.00101427 -0.000242699 5.43822e-07
27.48 0.00100539 -0.000269729 5.41777e-07
27.51 0.000995731 -0.000296111 5.39581e-07
27.54 0.000985325 -0.000321831 5.3722e-07
27.57 0.000974188 -0.000346876 5.34682e-07
27.6 0.000962341 -0.000371232 5.31957e-07
27.63 0.000949806 -0.000394889 5.29034e-07
27.66 0.000936604 -0.000417836 5.25907e-07
27.69 0.000922757 -0.000440063 5.22568e-07
27.72 0.000908288 -0.00046156 5.19012e-07
27.75 0.000893218 -0.000482319 5.15235e-07
27.78 0.00087757 -0.000502333 5.11234e-07
27.81 0.000861367 -0.000521595 5.07007e-07
27.84 0.000844632 -0.000540098 5.02554e-07
27.87 0.000827388 -0.000557837 4.97876e-07
27.9 0.000809657 -0.000574809 4.92975e-07
27.93 0.000791464 -0.000591008 4.87853e-07
27.96 0.000772832 -0.000606433 4.82515e-07
27.99 0.000753783 -0.00062108 4.76965e-07
28.02 0.000734342 -0.000634949 4.71209e-07
28.05 0.000714532 -0.000648038 4.65255e-07
28.08 0.000694375 -0.000660348 4.59108e-07
28.11 0.000673896 -0.000671879 4.52779e-07
28.14 0.000653118 -0.000682632 4.46275e-07
28.17 0.000632064 -0.000692609 4.39606e-07
28.2 0.000610756 -0.000701814 4.32783e-07
28.23 0.000589219 -0.000710248 4.25816e-07
28.26 0.000567474 -0.000717917 4.18716e-07
28.29 0.000545545 -0.000724825 4.11495e-07
28.32 0.000523453 -0.000730977 4.04165e-07
28.35 0.000501222 -0.000736379 3.96739e-07
28.38 0.000478874 -0.000741037 3.89228e-07
28.41 0.000456429 -0.000744958 3.81645e-07
28.44 0.00043391 -0.00074815 3.74003e-07
28.47 0.000411339 -0.00075062 3.66315e-07
28.5 0.000388736 -0.000752378 3.58594e-07
28.53 0.000366122 -0.000753433 3.50853e-07
28.56 0.000343518 -0.000753793 3.43105e-07
28.59 0.000320944 -0.00075347 3.35361e-07
28.62 0.00029842 -0.000752474 3.27635e-07
28.65 0.000275964 -0.000750815 3.1994e-07
28.68 0.000253598 -0.000748505 3.12286e-07
28.71 0.000231338 -0.000745557 3.04686e-07
28.74 0.000209205 -0.000741981 2.97151e-07
28.77 0.000187215 -0.000737792 2.89693e-07
28.8 0.000165386 -0.000733001 2.82321e-07
28.83 0.000143736 -0.000727622 2.75047e-07
28.86 0.000122281 -0.000721669 2.6788e-07
28.89 0.000101038 -0.000715157 2.60829e-07
28.92 8.00229e-05 -0.000708098 2.53903e-07
28.95 5.92509e-05 -0.000700507 2.47111e-07
28.98 3.87372e-05 -0.0006924 2.40459e-07
29.01 1.84963e-05 -0.000683792 2.33957e-07
29.04 -1.45768e-06 -0.000674697 2.27609e-07
29.07 -2.1111e-05 -0.000665132 2.21423e-07
29.1 -4.04505e-05 -0.000655111 2.15403e-07
29.13 -5.94636e-05 -0.000644651 2.09555e-07
29.16 -7.81379e-05 -0.000633768 2.03883e-07
29.19 -9.64618e-05 -0.000622477 1.98391e-07
29.22 -0.000114424 -0.000610796 1.93082e-07
29.25 -0.000132014 -0.00059874 1.87959e-07
29.28 -0.000149221 -0.000586326 1.83023e-07
29.31 -0.000166036 -0.000573571 1.78276e-07
29.34 -0.000182449 -0.000560491 1.73719e-07
29.37 -0.000198451 -0.000547102 1.69352e-07
29.4 -0.000214035 -0.000533422 1.65175e-07
29.43 -0.000229193 -0.000519467 1.61188e-07
29.46 -0.000243917 -0.000505254 1.57389e-07
29.49 -0.000258201 -0.0004908 1.53776e-07
29.52 -0.000272038 -0.00047612 1.50347e-07
29.55 -0.000285422 -0.000461232 1.47101e-07
29.58 -0.000298349 -0.000446153 1.44032e-07
29.61 -0.000310814 -0.000430898 1.41139e-07
29.64 -0.000322811 -0.000415484 1.38417e-07
29.67 -0.000334339 -0.000399927 1.35862e-07
29.7 -0.000345392 -0.000384244 1.3347e-07
29.73 -0.000355969 -0.00036845 1.31235e-07
29.76 -0.000366067 -0.000352562 1.29152e-07
29.79 -0.000375684 -0.000336594 1.27217e-07
29.82 -0.000384818 -0.000320563 1.25423e-07
29.85 -0.00039347 -0.000304484 1.23764e-07
29.88 -0.000401637 -0.000288372 1.22235e-07
29.91 -0.00040932 -0.000272243 1.2083e-07
29.94 -0.00041652 -0.00025611 1.19541e-07
29.97 -0.000423237 -0.000239989 1.18362e-07
