0 0.058623 1 0.501718
0.03 0.0859052 0.9541 0.458843
0.06 0.111882 0.909407 0.419769
0.09 0.13659 0.865906 0.384225
0.12 0.160063 0.823584 0.351955
0.15 0.182335 0.782425 0.322718
0.18 0.203441 0.742414 0.296283
0.21 0.223414 0.703535 0.272438
0.24 0.242288 0.665773 0.250979
0.27 0.260094 0.629111 0.231715
0.3 0.276864 0.593532 0.214467
0.33 0.292631 0.55902 0.199068
0.36 0.307425 0.525559 0.185361
0.39 0.321276 0.49313 0.173198
0.42 0.334215 0.461716 0.162441
0.45 0.346271 0.4313 0.152962
0.48 0.357473 0.401865 0.144641
0.51 0.367849 0.373393 0.137368
0.54 0.377427 0.345867 0.131037
0.57 0.386234 0.319267 0.125554
0.6 0.394298 0.293577 0.120829
0.63 0.401644 0.268779 0.11678
0.66 0.408297 0.244855 0.11333
0.69 0.414284 0.221787 0.11041
0.72 0.419628 0.199558 0.107956
0.75 0.424355 0.178149 0.105907
0.78 0.428486 0.157544 0.10421
0.81 0.432047 0.137724 0.102816
0.84 0.435058 0.118672 0.101679
0.87 0.437542 0.10037 0.100758
0.9 0.43952 0.0828016 0.100017
0.93 0.441014 0.0659493 0.0994213
0.96 0.442044 0.0497959 0.0989412
0.99 0.442629 0.0343247 0.0985495
1.02 0.44279 0.0195188 0.0982221
1.05 0.442545 0.00536155 0.0979375
1.08 0.441913 -0.00816342 0.0976769
1.11 0.440912 -0.0210724 0.0974236
1.14 0.439558 -0.0333816 0.097163
1.17 0.437871 -0.0451067 0.0968826
1.2 0.435865 -0.0562637 0.0965717
1.23 0.433556 -0.0668679 0.0962213
1.26 0.430962 -0.0769348 0.0958236
1.29 0.428097 -0.0864794 0.0953727
1.32 0.424975 -0.0955167 0.0948635
1.35 0.421611 -0.104061 0.0942923
1.38 0.418019 -0.112128 0.0936563
1.41 0.414213 -0.11973 0.0929537
1.44 0.410205 -0.126883 0.0921835
1.47 0.406008 -0.1336 0.0913456
1.5 0.401634 -0.139894 0.0904402
1.53 0.397096 -0.145779 0.0894685
1.56 0.392405 -0.151268 0.0884319
1.59 0.387572 -0.156374 0.0873323
1.62 0.382607 -0.161109 0.0861722
1.65 0.377522 -0.165486 0.0849542
1.68 0.372325 -0.169518 0.0836812
1.71 0.367028 -0.173215 0.0823563
1.74 0.361638 -0.17659 0.080983
1.77 0.356165 -0.179654 0.0795647
1.8 0.350618 -0.182419 0.078105
1.83 0.345006 -0.184895 0.0766076
1.86 0.339335 -0.187093 0.0750761
1.89 0.333614 -0.189024 0.0735143
1.92 0.32785 -0.190698 0.0719258
1.95 0.322051 -0.192125 0.0703144
1.98 0.316222 -0.193315 0.0686837
2.01 0.310372 -0.194278 0.0670372
2.04 0.304505 -0.195022 0.0653784
2.07 0.298628 -0.195557 0.0637107
2.1 0.292747 -0.195892 0.0620373
2.13 0.286867 -0.196036 0.0603614
2.16 0.280994 -0.195997 0.0586861
2.19 0.275132 -0.195783 0.0570142
2.22 0.269286 -0.195402 0.0553485
2.25 0.263461 -0.194863 0.0536916
2.28 0.257661 -0.194173 0.052046
2.31 0.25189 -0.193339 0.0504141
2.34 0.246151 -0.192368 0.0487981
2.37 0.24045 -0.191269 0.0472
2.4 0.234789 -0.190046 0.0456217
2.43 0.229171 -0.188707 0.0440649
2.46 0.2236 -0.187259 0.0425315
2.49 0.218078 -0.185708 0.0410227
2.52 0.212609 -0.184059 0.03954
2.55 0.207194 -0.182319 0.0380847
2.58 0.201836 -0.180493 0.0366577
2.61 0.196538 -0.178586 0.0352601
2.64 0.191301 -0.176605 0.0338928
2.67 0.186128 -0.174554 0.0325564
2.7 0.18102 -0.172438 0.0312516
2.73 0.175979 -0.170262 0.029979
2.76 0.171007 -0.168031 0.0287389
2.79 0.166104 -0.165749 0.0275317
2.82 0.161273 -0.16342 0.0263576
2.85 0.156514 -0.16105 0.0252168
2.88 0.151828 -0.158641 0.0241092
2.91 0.147216 -0.156197 0.0230351
2.94 0.142679 -0.153723 0.0219941
2.97 0.138218 -0.151222 0.0209862
3 0.133834 -0.148697 0.0200112
3.03 0.129526 -0.146153 0.0190688
3.06 0.125296 -0.143591 0.0181587
3.09 0.121143 -0.141015 0.0172804
3.12 0.117068 -0.138428 0.0164336
3.15 0.113071 -0.135833 0.0156178
3.18 0.109152 -0.133233 0.0148326
3.21 0.105311 -0.130629 0.0140772
3.24 0.101549 -0.128026 0.0133513
3.27 0.0978638 -0.125424 0.0126542
3.3 0.0942567 -0.122826 0.0119853
3.33 0.0907272 -0.120235 0.0113439
3.36 0.0872748 -0.117652 0.0107294
3.39 0.0838992 -0.11508 0.0101412
3.42 0.0806 -0.112519 0.00957847
3.45 0.0773768 -0.109973 0.00904059
3.48 0.0742289 -0.107442 0.00852686
3.51 0.0711559 -0.104928 0.00803657
3.54 0.0681571 -0.102434 0.00756901
3.57 0.065232 -0.0999587 0.00712348
3.6 0.0623797 -0.0975053 0.00669925
3.63 0.0595997 -0.0950745 0.00629564
3.66 0.0568912 -0.0926675 0.00591194
3.69 0.0542533 -0.0902855 0.00554744
3.72 0.0516853 -0.0879294 0.00520147
3.75 0.0491863 -0.0856001 0.00487334
3.78 0.0467555 -0.0832987 0.00456238
3.81 0.0443921 -0.0810258 0.00426792
3.84 0.042095 -0.0787823 0.00398932
3.87 0.0398634 -0.0765689 0.00372594
3.9 0.0376964 -0.0743862 0.00347716
3.93 0.0355929 -0.0722347 0.00324235
3.96 0.0335521 -0.070115 0.00302093
3.99 0.0315729 -0.0680276 0.0028123
4.02 0.0296544 -0.0659729 0.00261591
4.05 0.0277955 -0.0639513 0.00243118
4.08 0.0259952 -0.0619632 0.00225759
4.11 0.0242526 -0.0600087 0.00209461
4.14 0.0225665 -0.0580882 0.00194174
4.17 0.020936 -0.0562018 0.00179848
4.2 0.0193601 -0.0543497 0.00166435
4.23 0.0178376 -0.052532 0.0015389
4.26 0.0163676 -0.0507489 0.00142167
4.29 0.014949 -0.0490003 0.00131225
4.32 0.0135808 -0.0472863 0.00121022
4.35 0.0122619 -0.0456069 0.00111517
4.38 0.0109914 -0.043962 0.00102673
4.41 0.00976811 -0.0423516 0.000944537
4.44 0.0085911 -0.0407755 0.000868225
4.47 0.00745933 -0.0392337 0.000797461
4.5 0.00637177 -0.0377259 0.000731921
4.53 0.00532741 -0.036252 0.000671294
4.56 0.00432526 -0.0348118 0.000615285
4.59 0.00336431 -0.0334051 0.000563609
4.62 0.00244358 -0.0320316 0.000515998
4.65 0.00156208 -0.0306911 0.000472193
4.68 0.000718838 -0.0293833 0.000431949
4.71 -8.71017e-05 -0.0281079 0.000395032
4.74 -0.000856696 -0.0268647 0.000361222
4.77 -0.00159089 -0.0256531 0.000330307
4.8 -0.00229061 -0.024473 0.000302088
4.83 -0.00295678 -0.023324 0.000276376
4.86 -0.00359031 -0.0222057 0.000252992
4.89 -0.00419211 -0.0211178 0.000231767
4.92 -0.00476304 -0.0200598 0.00021254
4.95 -0.005304 -0.0190313 0.000195162
4.98 -0.00581585 -0.018032 0.000179489
5.01 -0.00629942 -0.0170614 0.000165388
5.04 -0.00675557 -0.0161192 0.000152733
5.07 -0.00718511 -0.0152049 0.000141407
5.1 -0.00758885 -0.014318 0.000131298
5.13 -0.0079676 -0.0134581 0.000122302
5.16 -0.00832213 -0.0126248 0.000114322
5.19 -0.00865321 -0.0118177 0.000107268
5.22 -0.00896161 -0.0110362 0.000101054
5.25 -0.00924807 -0.01028 9.56026e-05
5.28 -0.00951331 -0.00954855 9.0839e-05
5.31 -0.00975806 -0.00884142 8.66952e-05
5.34 -0.00998301 -0.00815816 8.3108e-05
5.37 -0.0101888 -0.0074983 8.00186e-05
5.4 -0.0103763 -0.00686139 7.73727e-05
5.43 -0.0105459 -0.00624696 7.51202e-05
5.46 -0.0106984 -0.00565456 7.3215e-05
5.49 -0.0108344 -0.00508373 7.16145e-05
5.52 -0.0109546 -0.00453401 7.028e-05
5.55 -0.0110595 -0.00400494 6.91756e-05
5.58 -0.0111497 -0.00349608 6.82688e-05
5.61 -0.0112258 -0.00300698 6.753e-05
5.64 -0.0112884 -0.00253717 6.69323e-05
5.67 -0.011338 -0.00208623 6.64511e-05
5.7 -0.0113752 -0.00165369 6.60644e-05
5.73 -0.0114004 -0.00123914 6.57525e-05
5.76 -0.0114143 -0.000842123 6.54975e-05
5.79 -0.0114173 -0.000462215 6.52837e-05
5.82 -0.0114098 -9.89869e-05 6.50968e-05
5.85 -0.0113924 0.000247985 6.49246e-05
5.88 -0.0113656 0.00057912 6.47561e-05
5.91 -0.0113297 0.000894833 6.45817e-05
5.94 -0.0112853 0.00119553 6.43934e-05
5.97 -0.0112327 0.00148163 6.41841e-05
6 -0.0111723 0.00175351 6.39479e-05
6.03 -0.0111046 0.00201158 6.36798e-05
6.06 -0.01103 0.00225623 6.33758e-05
6.09 -0.0109488 0.00248784 6.30328e-05
6.12 -0.0108614 0.00270679 6.26483e-05
6.15 -0.0107682 0.00291345 6.22206e-05
6.18 -0.0106694 0.00310818 6.17486e-05
6.21 -0.0105655 0.00329136 6.12315e-05
6.24 -0.0104568 0.00346333 6.06694e-05
6.27 -0.0103435 0.00362445 6.00626e-05
6.3 -0.0102261 0.00377505 5.94117e-05
6.33 -0.0101047 0.00391548 5.87178e-05
6.36 -0.00997967 0.00404606 5.79822e-05
6.39 -0.0098513 0.00416713 5.72065e-05
6.42 -0.00971984 0.004279 5.63925e-05
6.45 -0.00958555 0.00438198 5.55422e-05
6.48 -0.00944867 0.00447639 5.46577e-05
6.51 -0.00930945 0.00456252 5.37412e-05
6.54 -0.00916812 0.00464067 5.27951e-05
6.57 -0.00902489 0.00471112 5.18217e-05
6.6 -0.00887999 0.00477416 5.08234e-05
6.63 -0.00873362 0.00483007 4.98028e-05
6.66 -0.00858597 0.00487912 4.87623e-05
6.69 -0.00843724 0.00492157 4.77044e-05
6.72 -0.00828761 0.00495768 4.66315e-05
6.75 -0.00813725 0.0049877 4.5546e-05
6.78 -0.00798634 0.00501188 4.44503e-05
6.81 -0.00783503 0.00503046 4.33466e-05
6.84 -0.00768347 0.00504368 4.22372e-05
6.87 -0.00753183 0.00505177 4.11244e-05
6.9 -0.00738022 0.00505494 4.00101e-05
6.93 -0.0072288 0.00505342 3.88963e-05
6.96 -0.00707769 0.00504743 3.77851e-05
6.99 -0.006927 0.00503716 3.66781e-05
7.02 -0.00677686 0.00502281 3.55773e-05
7.05 -0.00662738 0.0050046 3.44841e-05
7.08 -0.00647866 0.0049827 3.34002e-05
7.11 -0.00633081 0.0049573 3.2327e-05
7.14 -0.0061839 0.00492858 3.12658e-05
7.17 -0.00603805 0.00489672 3.02179e-05
7.2 -0.00589332 0.00486188 2.91846e-05
7.23 -0.0057498 0.00482424 2.81668e-05
7.26 -0.00560757 0.00478395 2.71655e-05
7.29 -0.00546669 0.00474116 2.61816e-05
7.32 -0.00532723 0.00469604 2.52161e-05
7.35 -0.00518924 0.00464872 2.42694e-05
7.38 -0.0050528 0.00459934 2.33424e-05
7.41 -0.00491795 0.00454805 2.24355e-05
7.44 -0.00478475 0.00449497 2.15493e-05
7.47 -0.00465323 0.00444024 2.06841e-05
7.5 -0.00452344 0.00438397 1.98403e-05
7.53 -0.00439542 0.00432629 1.90182e-05
7.56 -0.00426921 0.00426731 1.8218e-05
7.59 -0.00414483 0.00420714 1.74398e-05
7.62 -0.00402232 0.00414589 1.66837e-05
7.65 -0.0039017 0.00408367 1.59498e-05
7.68 -0.003783 0.00402058 1.52381e-05
7.71 -0.00366624 0.0039567 1.45484e-05
7.74 -0.00355143 0.00389214 1.38807e-05
7.77 -0.00343859 0.00382698 1.32348e-05
7.8 -0.00332773 0.00376131 1.26106e-05
7.83 -0.00321887 0.00369521 1.20078e-05
7.86 -0.00311201 0.00362876 1.14262e-05
7.89 -0.00300715 0.00356203 1.08655e-05
7.92 -0.00290431 0.0034951 1.03254e-05
7.95 -0.00280349 0.00342803 9.80548e-06
7.98 -0.00270467 0.0033609 9.30546e-06
8.01 -0.00260787 0.00329377 8.82495e-06
8.04 -0.00251308 0.00322669 8.36354e-06
8.07 -0.00242029 0.00315972 7.92083e-06
8.1 -0.0023295 0.00309293 7.49639e-06
8.13 -0.0022407 0.00302635 7.08978e-06
8.16 -0.00215388 0.00296005 6.70055e-06
8.19 -0.00206903 0.00289407 6.32826e-06
8.22 -0.00198613 0.00282845 5.97243e-06
8.25 -0.00190517 0.00276324 5.63261e-06
8.28 -0.00182615 0.00269848 5.30831e-06
8.31 -0.00174903 0.00263421 4.99908e-06
8.34 -0.00167382 0.00257045 4.70444e-06
8.37 -0.00160048 0.00250725 4.42392e-06
8.4 -0.001529 0.00244464 4.15705e-06
8.43 -0.00145936 0.00238265 3.90337e-06
8.46 -0.00139154 0.0023213 3.6624e-06
8.49 -0.00132552 0.00226062 3.4337e-06
8.52 -0.00126128 0.00220064 3.21682e-06
8.55 -0.00119879 0.00214137 3.0113e-06
8.58 -0.00113804 0.00208285 2.8167e-06
8.61 -0.001079 0.00202509 2.63261e-06
8.64 -0.00102164 0.0019681 2.45858e-06
8.67 -0.000965946 0.0019119 2.29422e-06
8.7 -0.000911888 0.00185652 2.1391e-06
8.73 -0.000859441 0.00180195 1.99284e-06
8.76 -0.000808581 0.00174822 1.85504e-06
8.79 -0.000759282 0.00169534 1.72534e-06
8.82 -0.000711518 0.0016433 1.60335e-06
8.85 -0.000665263 0.00159213 1.48873e-06
8.88 -0.000620491 0.00154183 1.38113e-06
8.91 -0.000577175 0.00149241 1.28021e-06
8.94 -0.000535289 0.00144386 1.18564e-06
8.97 -0.000494806 0.00139621 1.09711e-06
9 -0.000455699 0.00134943 1.01432e-06
9.03 -0.000417942 0.00130355 9.36965e-07
9.06 -0.000381508 0.00125857 8.64767e-07
9.09 -0.00034637 0.00121447 7.97453e-07
9.12 -0.000312502 0.00117126 7.34756e-07
9.15 -0.000279876 0.00112895 6.76426e-07
9.18 -0.000248467 0.00108752 6.22217e-07
9.21 -0.000218248 0.00104698 5.71896e-07
9.24 -0.000189192 0.00100732 5.2524e-07
9.27 -0.000161273 0.000968535 4.82035e-07
9.3 -0.000134465 0.000930627 4.42074e-07
9.33 -0.000108743 0.000893587 4.05161e-07
9.36 -8.40802e-05 0.000857409 3.7111e-07
9.39 -6.04517e-05 0.000822088 3.39742e-07
9.42 -3.78321e-05 0.000787617 3.10886e-07
9.45 -1.61963e-05 0.000753987 2.8438e-07
9.48 4.48047e-06 0.000721193 2.6007e-07
9.51 2.42227e-05 0.000689225 2.37809e-07
9.54 4.30548e-05 0.000658076 2.17459e-07
9.57 6.10007e-05 0.000627736 1.98887e-07
9.6 7.80841e-05 0.000598196 1.81968e-07
9.63 9.43285e-05 0.000569447 1.66584e-07
9.66 0.000109757 0.000541479 1.52623e-07
9.69 0.000124392 0.000514283 1.3998e-07
9.72 0.000138257 0.000487847 1.28555e-07
9.75 0.000151374 0.000462163 1.18254e-07
9.78 0.000163764 0.000437218 1.08989e-07
9.81 0.000175449 0.000413002 1.00676e-07
9.84 0.00018645 0.000389504 9.32384e-08
9.87 0.000196789 0.000366712 8.66019e-08
9.9 0.000206485 0.000344617 8.06984e-08
9.93 0.000215559 0.000323205 7.54637e-08
9.96 0.000224031 0.000302467 7.08379e-08
9.99 0.000231919 0.000282389 6.67651e-08
10.02 0.000239245 0.00026296 6.31931e-08
10.05 0.000246025 0.00024417 6.00735e-08
10.08 0.000252278 0.000226005 5.73612e-08
10.11 0.000258023 0.000208454 5.50145e-08
10.14 0.000263278 0.000191505 5.29947e-08
10.17 0.000268059 0.000175147 5.12659e-08
10.2 0.000272383 0.000159367 4.97952e-08
10.23 0.000276268 0.000144153 4.85522e-08
10.26 0.00027973 0.000129495 4.75088e-08
10.29 0.000282784 0.00011538 4.66395e-08
10.32 0.000285445 0.000101796 4.59207e-08
10.35 0.000287731 8.87313e-05 4.53311e-08
10.38 0.000289654 7.61751e-05 4.48511e-08
10.41 0.00029123 6.41153e-05 4.4463e-08
10.44 0.000292474 5.25404e-05 4.41506e-08
10.47 0.000293398 4.14392e-05 4.38997e-08
10.5 0.000294016 3.08002e-05 4.3697e-08
10.53 0.000294342 2.06123e-05 4.3531e-08
10.56 0.000294388 1.08643e-05 4.33912e-08
10.59 0.000294168 1.54512e-06 4.32685e-08
10.62 0.000293692 -7.35606e-06 4.31546e-08
10.65 0.000292974 -1.58501e-05 4.30424e-08
10.68 0.000292024 -2.39476e-05 4.29257e-08
10.71 0.000290854 -3.16591e-05 4.27992e-08
10.74 0.000289475 -3.89952e-05 4.26582e-08
10.77 0.000287898 -4.5966e-05 4.24989e-08
10.8 0.000286132 -5.25818e-05 4.23182e-08
10.83 0.000284188 -5.88526e-05 4.21133e-08
10.86 0.000282076 -6.47881e-05 4.18823e-08
10.89 0.000279806 -7.03983e-05 4.16236e-08
10.92 0.000277385 -7.56927e-05 4.1336e-08
10.95 0.000274824 -8.06807e-05 4.10188e-08
10.98 0.000272131 -8.53716e-05 4.06717e-08
11.01 0.000269314 -8.97746e-05 4.02947e-08
11.04 0.000266381 -9.38987e-05 3.9888e-08
11.07 0.000263341 -9.77527e-05 3.9452e-08
11.1 0.0002602 -0.000101345 3.89875e-08
11.13 0.000256967 -0.000104685 3.84955e-08
11.16 0.000253648 -0.00010778 3.79769e-08
11.19 0.00025025 -0.000110639 3.7433e-08
11.22 0.000246779 -0.00011327 3.6865e-08
11.25 0.000243243 -0.00011568 3.62745e-08
11.28 0.000239647 -0.000117878 3.56629e-08
11.31 0.000235997 -0.000119871 3.50317e-08
11.34 0.000232299 -0.000121666 3.43826e-08
11.37 0.000228558 -0.000123271 3.37172e-08
11.4 0.00022478 -0.000124693 3.30371e-08
11.43 0.000220969 -0.000125938 3.23439e-08
11.46 0.000217132 -0.000127014 3.16394e-08
11.49 0.000213271 -0.000127928 3.0925e-08
11.52 0.000209392 -0.000128685 3.02025e-08
11.55 0.0002055 -0.000129292 2.94733e-08
11.58 0.000201597 -0.000129756 2.8739e-08
11.61 0.000197689 -0.000130082 2.80011e-08
11.64 0.000193779 -0.000130276 2.7261e-08
11.67 0.00018987 -0.000130344 2.65201e-08
11.7 0.000185966 -0.000130292 2.57797e-08
11.73 0.000182071 -0.000130125 2.50411e-08
11.76 0.000178187 -0.000129848 2.43055e-08
11.79 0.000174317 -0.000129467 2.35741e-08
11.82 0.000170465 -0.000128987 2.28479e-08
11.85 0.000166632 -0.000128412 2.2128e-08
11.88 0.000162822 -0.000127747 2.14152e-08
11.91 0.000159037 -0.000126998 2.07106e-08
11.94 0.000155279 -0.000126168 2.0015e-08
11.97 0.000151551 -0.000125261 1.9329e-08
12 0.000147854 -0.000124283 1.86535e-08
12.03 0.00014419 -0.000123237 1.7989e-08
12.06 0.000140561 -0.000122127 1.73362e-08
12.09 0.000136969 -0.000120957 1.66955e-08
12.12 0.000133416 -0.00011973 1.60676e-08
12.15 0.000129902 -0.000118452 1.54527e-08
12.18 0.00012643 -0.000117124 1.48512e-08
12.21 0.000123 -0.00011575 1.42635e-08
12.24 0.000119613 -0.000114334 1.36898e-08
12.27 0.000116272 -0.000112879 1.31304e-08
12.3 0.000112976 -0.000111388 1.25854e-08
12.33 0.000109726 -0.000109864 1.2055e-08
12.36 0.000106525 -0.000108309 1.15392e-08
12.39 0.000103371 -0.000106727 1.10381e-08
12.42 0.000100266 -0.00010512 1.05518e-08
12.45 9.7211e-05 -0.000103491 1.00802e-08
12.48 9.42057e-05 -0.000101842 9.62322e-09
12.51 9.12509e-05 -0.000100175 9.18089e-09
12.54 8.83469e-05 -9.84934e-05 8.75307e-09
12.57 8.54941e-05 -9.67988e-05 8.33962e-09
12.6 8.26928e-05 -9.50932e-05 7.94041e-09
12.63 7.9943e-05 -9.33788e-05 7.55525e-09
12.66 7.72451e-05 -9.16576e-05 7.18396e-09
12.69 7.45991e-05 -8.99313e-05 6.82633e-09
12.72 7.20049e-05 -8.82017e-05 6.48213e-09
12.75 6.94627e-05 -8.64706e-05 6.15112e-09
12.78 6.69724e-05 -8.47396e-05 5.83305e-09
12.81 6.45339e-05 -8.30102e-05 5.52766e-09
12.84 6.21471e-05 -8.12839e-05 5.23467e-09
12.87 5.98117e-05 -7.95621e-05 4.95379e-09
12.9 5.75275e-05 -7.78463e-05 4.68473e-09
12.93 5.52944e-05 -7.61375e-05 4.4272e-09
12.96 5.3112e-05 -7.44372e-05 4.18089e-09
12.99 5.09801e-05 -7.27463e-05 3.9455e-09
13.02 4.88981e-05 -7.10661e-05 3.72071e-09
13.05 4.68659e-05 -6.93975e-05 3.50621e-09
13.08 4.48829e-05 -6.77416e-05 3.3017e-09
13.11 4.29488e-05 -6.60992e-05 3.10685e-09
13.14 4.1063e-05 -6.44712e-05 2.92135e-09
13.17 3.92252e-05 -6.28585e-05 2.7449e-09
13.2 3.74347e-05 -6.12617e-05 2.57718e-09
13.23 3.56911e-05 -5.96817e-05 2.41788e-09
13.26 3.39939e-05 -5.81191e-05 2.26671e-09
13.29 3.23425e-05 -5.65745e-05 2.12335e-09
13.32 3.07362e-05 -5.50484e-05 1.98752e-09
13.35 2.91746e-05 -5.35415e-05 1.85892e-09
13.38 2.7657e-05 -5.20542e-05 1.73728e-09
13.41 2.61828e-05 -5.0587e-05 1.62229e-09
13.44 2.47513e-05 -4.91403e-05 1.5137e-09
13.47 2.3362e-05 -4.77145e-05 1.41123e-09
13.5 2.20142e-05 -4.63099e-05 1.31462e-09
13.53 2.07073e-05 -4.49268e-05 1.2236e-09
13.56 1.94405e-05 -4.35655e-05 1.13794e-09
13.59 1.82132e-05 -4.22263e-05 1.05739e-09
13.62 1.70248e-05 -4.09093e-05 9.81707e-10
13.65 1.58745e-05 -3.96148e-05 9.10665e-10
13.68 1.47617e-05 -3.83429e-05 8.44041e-10
13.71 1.36856e-05 -3.70937e-05 7.81619e-10
13.74 1.26457e-05 -3.58673e-05 7.23189e-10
13.77 1.16412e-05 -3.46638e-05 6.6855e-10
13.8 1.06714e-05 -3.34833e-05 6.17507e-10
13.83 9.7357e-06 -3.23258e-05 5.69872e-10
13.86 8.83331e-06 -3.11913e-05 5.25463e-10
13.89 7.96358e-06 -3.00798e-05 4.84106e-10
13.92 7.12581e-06 -2.89912e-05 4.45633e-10
13.95 6.31933e-06 -2.79255e-05 4.09883e-10
13.98 5.54346e-06 -2.68826e-05 3.76703e-10
14.01 4.79751e-06 -2.58625e-05 3.45942e-10
14.04 4.08081e-06 -2.4865e-05 3.1746e-10
14.07 3.39269e-06 -2.389e-05 2.91121e-10
14.1 2.73248e-06 -2.29373e-05 2.66794e-10
14.13 2.09952e-06 -2.20069e-05 2.44357e-10
14.16 1.49316e-06 -2.10986e-05 2.2369e-10
14.19 9.12736e-07 -2.02122e-05 2.04682e-10
14.22 3.57611e-07 -1.93474e-05 1.87225e-10
14.25 -1.72855e-07 -1.85042e-05 1.71217e-10
14.28 -6.79294e-07 -1.76822e-05 1.56561e-10
14.31 -1.16233e-06 -1.68813e-05 1.43165e-10
14.34 -1.62259e-06 -1.61013e-05 1.30942e-10
14.37 -2.06067e-06 -1.53418e-05 1.19809e-10
14.4 -2.47719e-06 -1.46028e-05 1.09689e-10
14.43 -2.87273e-06 -1.38838e-05 1.00507e-10
14.46 -3.24789e-06 -1.31848e-05 9.21932e-11
14.49 -3.60324e-06 -1.25053e-05 8.46824e-11
14.52 -3.93936e-06 -1.18451e-05 7.79123e-11
14.55 -4.25681e-06 -1.1204e-05 7.18245e-11
14.58 -4.55614e-06 -1.05816e-05 6.63643e-11
14.61 -4.8379e-06 -9.97772e-06 6.14801e-11
14.64 -5.10263e-06 -9.39204e-06 5.71236e-11
14.67 -5.35085e-06 -8.82426e-06 5.32496e-11
14.7 -5.58309e-06 -8.27409e-06 4.98157e-11
14.73 -5.79985e-06 -7.74123e-06 4.67825e-11
14.76 -6.00164e-06 -7.22538e-06 4.41129e-11
14.79 -6.18894e-06 -6.72625e-06 4.17727e-11
14.82 -6.36225e-06 -6.24352e-06 3.97298e-11
14.85 -6.52203e-06 -5.77689e-06 3.79547e-11
14.88 -6.66875e-06 -5.32606e-06 3.64196e-11
14.91 -6.80287e-06 -4.89073e-06 3.50991e-11
14.94 -6.92483e-06 -4.47058e-06 3.39697e-11
14.97 -7.03507e-06 -4.06532e-06 3.30095e-11
15 -7.13401e-06 -3.67464e-06 3.21986e-11
15.03 -7.22209e-06 -3.29823e-06 3.15184e-11
15.06 -7.2997e-06 -2.93579e-06 3.09522e-11
15.09 -7.36725e-06 -2.58701e-06 3.04845e-11
15.12 -7.42512e-06 -2.25161e-06 3.01011e-11
15.15 -7.47371e-06 -1.92927e-06 2.97892e-11
15.18 -7.51339e-06 -1.6197e-06 2.95372e-11
15.21 -7.54452e-06 -1.3226e-06 2.93345e-11
15.24 -7.56746e-06 -1.03768e-06 2.91716e-11
15.27 -7.58256e-06 -7.64648e-07 2.90399e-11
15.3 -7.59015e-06 -5.03215e-07 2.89318e-11
15.33 -7.59057e-06 -2.53093e-07 2.88404e-11
15.36 -7.58414e-06 -1.39995e-08 2.87597e-11
15.39 -7.57117e-06 2.14348e-07 2.86843e-11
15.42 -7.55198e-06 4.32226e-07 2.86096e-11
15.45 -7.52685e-06 6.39911e-07 2.85315e-11
15.48 -7.49607e-06 8.37675e-07 2.84464e-11
15.51 -7.45994e-06 1.02578e-06 2.83515e-11
15.54 -7.41872e-06 1.20451e-06 2.82441e-11
15.57 -7.37267e-06 1.3741e-06 2.81222e-11
15.6 -7.32206e-06 1.53483e-06 2.79841e-11
15.63 -7.26714e-06 1.68694e-06 2.78286e-11
15.66 -7.20815e-06 1.83069e-06 2.76544e-11
15.69 -7.14533e-06 1.96632e-06 2.74611e-11
15.72 -7.0789e-06 2.09408e-06 2.7248e-11
15.75 -7.00909e-06 2.21421e-06 2.70151e-11
15.78 -6.93612e-06 2.32694e-06 2.67622e-11
15.81 -6.86019e-06 2.4325e-06 2.64896e-11
15.84 -6.7815e-06 2.53112e-06 2.61976e-11
15.87 -6.70024e-06 2.62302e-06 2.58868e-11
15.9 -6.61662e-06 2.70843e-06 2.55576e-11
15.93 -6.5308e-06 2.78756e-06 2.52109e-11
15.96 -6.44296e-06 2.86062e-06 2.48475e-11
15.99 -6.35328e-06 2.92782e-06 2.44681e-11
16.02 -6.26192e-06 2.98935e-06 2.40739e-11
16.05 -6.16903e-06 3.04543e-06 2.36658e-11
16.08 -6.07477e-06 3.09624e-06 2.32448e-11
16.11 -5.97929e-06 3.14198e-06 2.2812e-11
16.14 -5.88272e-06 3.18284e-06 2.23684e-11
16.17 -5.7852e-06 3.21899e-06 2.19152e-11
16.2 -5.68686e-06 3.25062e-06 2.14535e-11
16.23 -5.58783e-06 3.27789e-06 2.09842e-11
16.26 -5.48823e-06 3.30099e-06 2.05086e-11
16.29 -5.38817e-06 3.32008e-06 2.00277e-11
16.32 -5.28776e-06 3.33533e-06 1.95424e-11
16.35 -5.18712e-06 3.34688e-06 1.90539e-11
16.38 -5.08633e-06 3.35491e-06 1.85631e-11
16.41 -4.9855e-06 3.35955e-06 1.80709e-11
16.44 -4.88472e-06 3.36096e-06 1.75783e-11
16.47 -4.78408e-06 3.35928e-06 1.70861e-11
16.5 -4.68367e-06 3.35466e-06 1.65952e-11
16.53 -4.58355e-06 3.34722e-06 1.61064e-11
16.56 -4.48382e-06 3.3371e-06 1.56205e-11
16.59 -4.38454e-06 3.32444e-06 1.5138e-11
16.62 -4.28578e-06 3.30935e-06 1.46599e-11
16.65 -4.18761e-06 3.29197e-06 1.41866e-11
16.68 -4.09008e-06 3.2724e-06 1.37187e-11
16.71 -3.99327e-06 3.25077e-06 1.32569e-11
16.74 -3.89722e-06 3.22719e-06 1.28015e-11
16.77 -3.80198e-06 3.20177e-06 1.23532e-11
16.8 -3.7076e-06 3.1746e-06 1.19122e-11
16.83 -3.61414e-06 3.14581e-06 1.14791e-11
16.86 -3.52163e-06 3.11547e-06 1.1054e-11
16.89 -3.43011e-06 3.0837e-06 1.06374e-11
16.92 -3.33962e-06 3.05058e-06 1.02296e-11
16.95 -3.2502e-06 3.01621e-06 9.83068e-12
16.98 -3.16188e-06 2.98067e-06 9.44095e-12
17.01 -3.07469e-06 2.94405e-06 9.06056e-12
17.04 -2.98865e-06 2.90642e-06 8.68967e-12
17.07 -2.9038e-06 2.86787e-06 8.32837e-12
17.1 -2.82015e-06 2.82848e-06 7.97677e-12
17.13 -2.73773e-06 2.78831e-06 7.63491e-12
17.16 -2.65655e-06 2.74744e-06 7.30284e-12
17.19 -2.57663e-06 2.70594e-06 6.98057e-12
17.22 -2.49799e-06 2.66387e-06 6.66808e-12
17.25 -2.42065e-06 2.62129e-06 6.36535e-12
17.28 -2.3446e-06 2.57827e-06 6.07232e-12
17.31 -2.26987e-06 2.53487e-06 5.78893e-12
17.34 -2.19645e-06 2.49114e-06 5.51509e-12
17.37 -2.12437e-06 2.44713e-06 5.2507e-12
17.4 -2.05361e-06 2.40291e-06 4.99564e-12
17.43 -1.98419e-06 2.35851e-06 4.74978e-12
17.46 -1.91611e-06 2.31398e-06 4.51299e-12
17.49 -1.84937e-06 2.26938e-06 4.28512e-12
17.52 -1.78396e-06 2.22474e-06 4.066e-12
17.55 -1.7199e-06 2.18011e-06 3.85546e-12
17.58 -1.65717e-06 2.13552e-06 3.65333e-12
17.61 -1.59577e-06 2.09102e-06 3.45942e-12
17.64 -1.5357e-06 2.04664e-06 3.27355e-12
17.67 -1.47694e-06 2.00241e-06 3.09551e-12
17.7 -1.41951e-06 1.95838e-06 2.92512e-12
17.73 -1.36338e-06 1.91456e-06 2.76217e-12
17.76 -1.30855e-06 1.87099e-06 2.60645e-12
17.79 -1.25501e-06 1.82769e-06 2.45775e-12
17.82 -1.20275e-06 1.7847e-06 2.31588e-12
17.85 -1.15175e-06 1.74204e-06 2.18062e-12
17.88 -1.10202e-06 1.69973e-06 2.05177e-12
17.91 -1.05353e-06 1.6578e-06 1.92911e-12
17.94 -1.00628e-06 1.61626e-06 1.81244e-12
17.97 -9.60244e-07 1.57513e-06 1.70155e-12
18 -9.15418e-07 1.53444e-06 1.59625e-12
18.03 -8.71786e-07 1.4942e-06 1.49632e-12
18.06 -8.29332e-07 1.45442e-06 1.40157e-12
18.09 -7.88042e-07 1.41513e-06 1.3118e-12
18.12 -7.47901e-07 1.37632e-06 1.22681e-12
18.15 -7.08894e-07 1.33803e-06 1.14643e-12
18.18 -6.71003e-07 1.30026e-06 1.07046e-12
18.21 -6.34214e-07 1.26301e-06 9.98714e-13
18.24 -5.98509e-07 1.22631e-06 9.31021e-13
18.27 -5.63873e-07 1.19015e-06 8.67204e-13
18.3 -5.30288e-07 1.15455e-06 8.07093e-13
18.33 -4.97737e-07 1.11951e-06 7.50522e-13
18.36 -4.66202e-07 1.08504e-06 6.97328e-13
18.39 -4.35667e-07 1.05115e-06 6.47356e-13
18.42 -4.06114e-07 1.01783e-06 6.00453e-13
18.45 -3.77526e-07 9.85098e-07 5.56472e-13
18.48 -3.49884e-07 9.52952e-07 5.15268e-13
18.51 -3.23171e-07 9.21395e-07 4.76704e-13
18.54 -2.97369e-07 8.90428e-07 4.40646e-13
18.57 -2.72461e-07 8.60054e-07 4.06964e-13
18.6 -2.48429e-07 8.30273e-07 3.75535e-13
18.63 -2.25254e-07 8.01084e-07 3.46238e-13
18.66 -2.0292e-07 7.72488e-07 3.18957e-13
18.69 -1.81407e-07 7.44484e-07 2.93583e-13
18.72 -1.607e-07 7.1707e-07 2.70007e-13
18.75 -1.4078e-07 6.90244e-07 2.48128e-13
18.78 -1.2163e-07 6.64004e-07 2.27848e-13
18.81 -1.03232e-07 6.38347e-07 2.09072e-13
18.84 -8.55684e-08 6.13271e-07 1.91711e-13
18.87 -6.86231e-08 5.8877e-07 1.7568e-13
18.9 -5.23786e-08 5.64843e-07 1.60895e-13
18.93 -3.6818e-08 5.41483e-07 1.4728e-13
18.96 -2.19244e-08 5.18688e-07 1.34759e-13
18.99 -7.68135e-09 4.96452e-07 1.23262e-13
19.02 5.92769e-09 4.74769e-07 1.1272e-13
19.05 1.8919e-08 4.53635e-07 1.03071e-13
19.08 3.13087e-08 4.33043e-07 9.42534e-14
19.11 4.31126e-08 4.12989e-07 8.62093e-14
19.14 5.43466e-08 3.93465e-07 7.88842e-14
19.17 6.50261e-08 3.74466e-07 7.22265e-14
19.2 7.51666e-08 3.55985e-07 6.61875e-14
19.23 8.4783e-08 3.38014e-07 6.0721e-14
19.26 9.38904e-08 3.20549e-07 5.57835e-14
19.29 1.02504e-07 3.03581e-07 5.13341e-14
19.32 1.10637e-07 2.87103e-07 4.73342e-14
19.35 1.18304e-07 2.71108e-07 4.37478e-14
19.38 1.25521e-07 2.55589e-07 4.05406e-14
19.41 1.32299e-07 2.40538e-07 3.76809e-14
19.44 1.38653e-07 2.25949e-07 3.51388e-14
19.47 1.44597e-07 2.11812e-07 3.28863e-14
19.5 1.50143e-07 1.98121e-07 3.08974e-14
19.53 1.55304e-07 1.84867e-07 2.91477e-14
19.56 1.60094e-07 1.72044e-07 2.76146e-14
19.59 1.64523e-07 1.59643e-07 2.62769e-14
19.62 1.68606e-07 1.47656e-07 2.51151e-14
19.65 1.72352e-07 1.36076e-07 2.4111e-14
19.68 1.75776e-07 1.24894e-07 2.32478e-14
19.71 1.78886e-07 1.14104e-07 2.251e-14
19.74 1.81696e-07 1.03696e-07 2.18832e-14
19.77 1.84216e-07 9.36628e-08 2.13542e-14
19.8 1.86457e-07 8.39971e-08 2.09109e-14
19.83 1.88429e-07 7.46907e-08 2.05421e-14
19.86 1.90143e-07 6.57359e-08 2.02377e-14
19.89 1.91608e-07 5.71249e-08 1.99885e-14
19.92 1.92835e-07 4.885e-08 1.97859e-14
19.95 1.93834e-07 4.09035e-08 1.96223e-14
19.98 1.94613e-07 3.32778e-08 1.94908e-14
20.01 1.95181e-07 2.59653e-08 1.9385e-14
20.04 1.95549e-07 1.89585e-08 1.92994e-14
20.07 1.95724e-07 1.22499e-08 1.9229e-14
20.1 1.95715e-07 5.83218e-09 1.91692e-14
20.13 1.9553e-07 -3.01984e-10 1.9116e-14
20.16 1.95178e-07 -6.15984e-09 1.90661e-14
20.19 1.94665e-07 -1.17485e-08 1.90163e-14
20.22 1.94001e-07 -1.70752e-08 1.8964e-14
20.25 1.93192e-07 -2.21468e-08 1.89068e-14
20.28 1.92245e-07 -2.69702e-08 1.88428e-14
20.31 1.91168e-07 -3.15523e-08 1.87704e-14
20.34 1.89968e-07 -3.58998e-08 1.86883e-14
20.37 1.8865e-07 -4.00193e-08 1.85952e-14
20.4 1.87222e-07 -4.39175e-08 1.84904e-14
20.43 1.8569e-07 -4.76007e-08 1.83733e-14
20.46 1.84059e-07 -5.10754e-08 1.82433e-14
20.49 1.82337e-07 -5.43477e-08 1.81002e-14
20.52 1.80527e-07 -5.74238e-08 1.79438e-14
20.55 1.78637e-07 -6.03098e-08 1.77742e-14
20.58 1.76671e-07 -6.30117e-08 1.75916e-14
20.61 1.74634e-07 -6.55353e-08 1.7396e-14
20.64 1.72532e-07 -6.78863e-08 1.7188e-14
20.67 1.7037e-07 -7.00705e-08 1.69678e-14
20.7 1.68151e-07 -7.20933e-08 1.67361e-14
20.73 1.6588e-07 -7.39602e-08 1.64932e-14
20.76 1.63563e-07 -7.56765e-08 1.62399e-14
20.79 1.61203e-07 -7.72475e-08 1.59767e-14
20.82 1.58803e-07 -7.86782e-08 1.57044e-14
20.85 1.56369e-07 -7.99738e-08 1.54236e-14
20.88 1.53904e-07 -8.11391e-08 1.5135e-14
20.91 1.51411e-07 -8.21789e-08 1.48393e-14
20.94 1.48894e-07 -8.30979e-08 1.45373e-14
20.97 1.46356e-07 -8.39009e-08 1.42297e-14
21 1.43801e-07 -8.45921e-08 1.39173e-14
21.03 1.41231e-07 -8.51762e-08 1.36006e-14
21.06 1.3865e-07 -8.56573e-08 1.32805e-14
21.09 1.3606e-07 -8.60396e-08 1.29576e-14
21.12 1.33464e-07 -8.63274e-08 1.26326e-14
21.15 1.30865e-07 -8.65244e-08 1.23061e-14
21.18 1.28266e-07 -8.66348e-08 1.19788e-14
21.21 1.25667e-07 -8.66622e-08 1.16513e-14
21.24 1.23073e-07 -8.66103e-08 1.13241e-14
21.27 1.20484e-07 -8.64829e-08 1.09979e-14
21.3 1.17904e-07 -8.62833e-08 1.06731e-14
21.33 1.15333e-07 -8.60151e-08 1.03502e-14
21.36 1.12775e-07 -8.56815e-08 1.00297e-14
21.39 1.1023e-07 -8.52859e-08 9.71215e-15
21.42 1.077e-07 -8.48312e-08 9.39784e-15
21.45 1.05187e-07 -8.43207e-08 9.0872e-15
21.48 1.02693e-07 -8.37573e-08 8.78059e-15
21.51 1.00219e-07 -8.31439e-08 8.47834e-15
21.54 9.77653e-08 -8.24832e-08 8.18077e-15
21.57 9.53344e-08 -8.1778e-08 7.88814e-15
21.6 9.29271e-08 -8.10309e-08 7.60073e-15
21.63 9.05444e-08 -8.02446e-08 7.31874e-15
21.66 8.81875e-08 -7.94214e-08 7.0424e-15
21.69 8.58573e-08 -7.85638e-08 6.77187e-15
21.72 8.35546e-08 -7.7674e-08 6.50732e-15
21.75 8.12804e-08 -7.67544e-08 6.24887e-15
21.78 7.90354e-08 -7.58071e-08 5.99666e-15
21.81 7.68203e-08 -7.48342e-08 5.75075e-15
21.84 7.46357e-08 -7.38377e-08 5.51125e-15
21.87 7.24822e-08 -7.28196e-08 5.27819e-15
21.9 7.03604e-08 -7.17818e-08 5.05161e-15
21.93 6.82708e-08 -7.07261e-08 4.83154e-15
21.96 6.62138e-08 -6.96542e-08 4.61799e-15
21.99 6.41897e-08 -6.85679e-08 4.41094e-15
22.02 6.2199e-08 -6.74688e-08 4.21037e-15
22.05 6.02418e-08 -6.63584e-08 4.01626e-15
22.08 5.83185e-08 -6.52382e-08 3.82854e-15
22.11 5.64293e-08 -6.41097e-08 3.64716e-15
22.14 5.45743e-08 -6.29744e-08 3.47206e-15
22.17 5.27537e-08 -6.18334e-08 3.30316e-15
22.2 5.09675e-08 -6.06881e-08 3.14037e-15
22.23 4.92158e-08 -5.95398e-08 2.98359e-15
22.26 4.74986e-08 -5.83895e-08 2.83273e-15
22.29 4.5816e-08 -5.72384e-08 2.68767e-15
22.32 4.41678e-08 -5.60877e-08 2.54831e-15
22.35 4.25541e-08 -5.49382e-08 2.41453e-15
22.38 4.09747e-08 -5.3791e-08 2.2862e-15
22.41 3.94295e-08 -5.26471e-08 2.1632e-15
22.44 3.79183e-08 -5.15072e-08 2.04539e-15
22.47 3.6441e-08 -5.03722e-08 1.93266e-15
22.5 3.49974e-08 -4.9243e-08 1.82485e-15
22.53 3.35873e-08 -4.81203e-08 1.72184e-15
22.56 3.22104e-08 -4.70048e-08 1.62348e-15
22.59 3.08664e-08 -4.58972e-08 1.52965e-15
22.62 2.95552e-08 -4.47982e-08 1.44019e-15
22.65 2.82763e-08 -4.37083e-08 1.35498e-15
22.68 2.70296e-08 -4.2628e-08 1.27387e-15
22.71 2.58146e-08 -4.15581e-08 1.19673e-15
22.74 2.46311e-08 -4.04988e-08 1.12342e-15
22.77 2.34787e-08 -3.94508e-08 1.05381e-15
22.8 2.2357e-08 -3.84145e-08 9.87753e-16
22.83 2.12656e-08 -3.73902e-08 9.25126e-16
22.86 2.02042e-08 -3.63783e-08 8.65797e-16
22.89 1.91724e-08 -3.53793e-08 8.09637e-16
22.92 1.81698e-08 -3.43933e-08 7.56522e-16
22.95 1.71959e-08 -3.34208e-08 7.06325e-16
22.98 1.62504e-08 -3.2462e-08 6.58928e-16
23.01 1.53328e-08 -3.15171e-08 6.1421e-16
23.04 1.44427e-08 -3.05863e-08 5.72057e-16
23.07 1.35797e-08 -2.96699e-08 5.32356e-16
23.1 1.27433e-08 -2.8768e-08 4.94996e-16
23.13 1.1933e-08 -2.78809e-08 4.5987e-16
23.16 1.11485e-08 -2.70085e-08 4.26875e-16
23.19 1.03892e-08 -2.61511e-08 3.95909e-16
23.22 9.65478e-09 -2.53088e-08 3.66875e-16
23.25 8.94469e-09 -2.44816e-08 3.39677e-16
23.28 8.25851e-09 -2.36695e-08 3.14225e-16
23.31 7.59577e-09 -2.28728e-08 2.90429e-16
23.34 6.95602e-09 -2.20912e-08 2.68204e-16
23.37 6.3388e-09 -2.1325e-08 2.47468e-16
23.4 5.74365e-09 -2.05741e-08 2.28141e-16
23.43 5.17011e-09 -1.98384e-08 2.10146e-16
23.46 4.61772e-09 -1.9118e-08 1.9341e-16
23.49 4.08604e-09 -1.84128e-08 1.77863e-16
23.52 3.57461e-09 -1.77227e-08 1.63436e-16
23.55 3.08297e-09 -1.70478e-08 1.50066e-16
23.58 2.61069e-09 -1.63879e-08 1.37689e-16
23.61 2.1573e-09 -1.57429e-08 1.26246e-16
23.64 1.72238e-09 -1.51128e-08 1.15682e-16
23.67 1.30548e-09 -1.44974e-08 1.0594e-16
23.7 9.06161e-10 -1.38967e-08 9.697e-17
23.73 5.23999e-10 -1.33105e-08 8.87225e-17
23.76 1.58562e-10 -1.27387e-08 8.11504e-17
23.79 -1.90573e-10 -1.21812e-08 7.42093e-17
23.82 -5.23825e-10 -1.16378e-08 6.78567e-17
23.85 -8.41609e-10 -1.11084e-08 6.20525e-17
23.88 -1.14434e-09 -1.05928e-08 5.67586e-17
23.91 -1.43241e-09 -1.00909e-08 5.19389e-17
23.94 -1.70623e-09 -9.60247e-09 4.75593e-17
23.97 -1.9662e-09 -9.12738e-09 4.35875e-17
24 -2.21269e-09 -8.66547e-09 3.99931e-17
24.03 -2.4461e-09 -8.21653e-09 3.67474e-17
24.06 -2.66681e-09 -7.78041e-09 3.38233e-17
24.09 -2.87519e-09 -7.35691e-09 3.11954e-17
24.12 -3.0716e-09 -6.94584e-09 2.88397e-17
24.15 -3.2564e-09 -6.54702e-09 2.67338e-17
24.18 -3.42997e-09 -6.16026e-09 2.48567e-17
24.21 -3.59263e-09 -5.78536e-09 2.31887e-17
24.24 -3.74474e-09 -5.42212e-09 2.17112e-17
24.27 -3.88663e-09 -5.07034e-09 2.04071e-17
24.3 -4.01865e-09 -4.72983e-09 1.92604e-17
24.33 -4.1411e-09 -4.40039e-09 1.82561e-17
24.36 -4.25432e-09 -4.08182e-09 1.73802e-17
24.39 -4.35861e-09 -3.7739e-09 1.66199e-17
24.42 -4.45429e-09 -3.47645e-09 1.59632e-17
24.45 -4.54165e-09 -3.18925e-09 1.53989e-17
24.48 -4.621e-09 -2.9121e-09 1.4917e-17
24.51 -4.69261e-09 -2.64481e-09 1.45078e-17
24.54 -4.75678e-09 -2.38716e-09 1.41627e-17
24.57 -4.81378e-09 -2.13896e-09 1.38738e-17
24.6 -4.86388e-09 -1.9e-09 1.36337e-17
24.63 -4.90735e-09 -1.67009e-09 1.34357e-17
24.66 -4.94445e-09 -1.44902e-09 1.32736e-17
24.69 -4.97543e-09 -1.23659e-09 1.3142e-17
24.72 -5.00054e-09 -1.03261e-09 1.30358e-17
24.75 -5.02001e-09 -8.36884e-10 1.29504e-17
24.78 -5.03409e-09 -6.49208e-10 1.28818e-17
24.81 -5.04301e-09 -4.69393e-10 1.28261e-17
24.84 -5.04699e-09 -2.97248e-10 1.27802e-17
24.87 -5.04624e-09 -1.32581e-10 1.27411e-17
24.9 -5.04099e-09 2.47947e-11 1.27061e-17
24.93 -5.03144e-09 1.75066e-10 1.2673e-17
24.96 -5.01779e-09 3.18418e-10 1.26398e-17
24.99 -5.00024e-09 4.55032e-10 1.26047e-17
25.02 -4.97897e-09 5.8509e-10 1.25663e-17
25.05 -4.95419e-09 7.08768e-10 1.25232e-17
25.08 -4.92606e-09 8.26242e-10 1.24743e-17
25.11 -4.89476e-09 9.37687e-10 1.2419e-17
25.14 -4.86046e-09 1.04327e-09 1.23563e-17
25.17 -4.82334e-09 1.14317e-09 1.22857e-17
25.2 -4.78354e-09 1.23754e-09 1.22069e-17
25.23 -4.74123e-09 1.32655e-09 1.21195e-17
25.26 -4.69655e-09 1.41036e-09 1.20234e-17
25.29 -4.64966e-09 1.48913e-09 1.19184e-17
25.32 -4.6007e-09 1.56302e-09 1.18047e-17
25.35 -4.5498e-09 1.63217e-09 1.16823e-17
25.38 -4.49709e-09 1.69675e-09 1.15514e-17
25.41 -4.44271e-09 1.75689e-09 1.14121e-17
25.44 -4.38677e-09 1.81274e-09 1.12649e-17
25.47 -4.32941e-09 1.86445e-09 1.111e-17
25.5 -4.27073e-09 1.91215e-09 1.09477e-17
25.53 -4.21085e-09 1.95599e-09 1.07786e-17
25.56 -4.14987e-09 1.99609e-09 1.06029e-17
25.59 -4.0879e-09 2.03259e-09 1.04212e-17
25.62 -4.02504e-09 2.06562e-09 1.02339e-17
25.65 -3.96139e-09 2.0953e-09 1.00415e-17
25.68 -3.89704e-09 2.12177e-09 9.84439e-18
25.71 -3.83207e-09 2.14513e-09 9.64317e-18
25.74 -3.76658e-09 2.16551e-09 9.43827e-18
25.77 -3.70065e-09 2.18302e-09 9.23018e-18
25.8 -3.63435e-09 2.19778e-09 9.01937e-18
25.83 -3.56776e-09 2.2099e-09 8.80631e-18
25.86 -3.50097e-09 2.21949e-09 8.59144e-18
25.89 -3.43402e-09 2.22664e-09 8.37522e-18
25.92 -3.367e-09 2.23147e-09 8.15808e-18
25.95 -3.29996e-09 2.23408e-09 7.94043e-18
25.98 -3.23297e-09 2.23455e-09 7.72267e-18
26.01 -3.16609e-09 2.233e-09 7.50519e-18
26.04 -3.09936e-09 2.2295e-09 7.28836e-18
26.07 -3.03285e-09 2.22416e-09 7.07253e-18
26.1 -2.9666e-09 2.21705e-09 6.85802e-18
26.13 -2.90067e-09 2.20827e-09 6.64516e-18
26.16 -2.83509e-09 2.1979e-09 6.43423e-18
26.19 -2.7699e-09 2.18601e-09 6.22551e-18
26.22 -2.70516e-09 2.17269e-09 6.01925e-18
26.25 -2.6409e-09 2.15802e-09 5.8157e-18
26.28 -2.57716e-09 2.14206e-09 5.61508e-18
26.31 -2.51396e-09 2.1249e-09 5.41758e-18
26.34 -2.45134e-09 2.10659e-09 5.2234e-18
26.37 -2.38934e-09 2.08721e-09 5.03269e-18
26.4 -2.32797e-09 2.06683e-09 4.84562e-18
26.43 -2.26727e-09 2.0455e-09 4.6623e-18
26.46 -2.20726e-09 2.02329e-09 4.48287e-18
26.49 -2.14797e-09 2.00026e-09 4.30741e-18
26.52 -2.08941e-09 1.97647e-09 4.13604e-18
26.55 -2.03161e-09 1.95197e-09 3.9688e-18
26.58 -1.97458e-09 1.92681e-09 3.80577e-18
26.61 -1.91833e-09 1.90105e-09 3.647e-18
26.64 -1.8629e-09 1.87474e-09 3.49252e-18
26.67 -1.80828e-09 1.84793e-09 3.34235e-18
26.7 -1.75449e-09 1.82066e-09 3.19651e-18
26.73 -1.70154e-09 1.79298e-09 3.055e-18
26.76 -1.64944e-09 1.76493e-09 2.91782e-18
26.79 -1.59821e-09 1.73655e-09 2.78494e-18
26.82 -1.54784e-09 1.70789e-09 2.65634e-18
26.85 -1.49834e-09 1.67898e-09 2.532e-18
26.88 -1.44972e-09 1.64986e-09 2.41187e-18
26.91 -1.40199e-09 1.62057e-09 2.29591e-18
26.94 -1.35514e-09 1.59114e-09 2.18406e-18
26.97 -1.30918e-09 1.56159e-09 2.07627e-18
27 -1.26411e-09 1.53198e-09 1.97247e-18
27.03 -1.21993e-09 1.50231e-09 1.87259e-18
27.06 -1.17664e-09 1.47263e-09 1.77657e-18
27.09 -1.13424e-09 1.44296e-09 1.68432e-18
27.12 -1.09273e-09 1.41333e-09 1.59578e-18
27.15 -1.0521e-09 1.38376e-09 1.51085e-18
27.18 -1.01236e-09 1.35427e-09 1.42945e-18
27.21 -9.73488e-10 1.32489e-09 1.35151e-18
27.24 -9.35492e-10 1.29564e-09 1.27691e-18
27.27 -8.98363e-10 1.26654e-09 1.20559e-18
27.3 -8.62097e-10 1.23761e-09 1.13745e-18
27.33 -8.26687e-10 1.20887e-09 1.07239e-18
27.36 -7.92127e-10 1.18033e-09 1.01033e-18
27.39 -7.58408e-10 1.15202e-09 9.51166e-19
27.42 -7.25525e-10 1.12394e-09 8.94816e-19
27.45 -6.93468e-10 1.09612e-09 8.41185e-19
27.48 -6.6223e-10 1.06856e-09 7.90182e-19
27.51 -6.31801e-10 1.04128e-09 7.41715e-19
27.54 -6.02173e-10 1.01429e-09 6.95694e-19
27.57 -5.73337e-10 9.87597e-10 6.52031e-19
27.6 -5.45282e-10 9.6122e-10 6.10638e-19
27.63 -5.17998e-10 9.35166e-10 5.71428e-19
27.66 -4.91477e-10 9.09442e-10 5.34317e-19
27.69 -4.65706e-10 8.84057e-10 4.99219e-19
27.72 -4.40676e-10 8.59018e-10 4.66054e-19
27.75 -4.16376e-10 8.34334e-10 4.34741e-19
27.78 -3.92794e-10 8.10009e-10 4.05201e-19
27.81 -3.69921e-10 7.8605e-10 3.77358e-19
27.84 -3.47743e-10 7.62461e-10 3.51136e-19
27.87 -3.26251e-10 7.39248e-10 3.26464e-19
27.9 -3.05432e-10 7.16414e-10 3.03269e-19
27.93 -2.85275e-10 6.93963e-10 2.81483e-19
27.96 -2.65768e-10 6.71898e-10 2.6104e-19
27.99 -2.469e-10 6.50221e-10 2.41873e-19
28.02 -2.28659e-10 6.28934e-10 2.23921e-19
28.05 -2.11033e-10 6.08039e-10 2.07123e-19
28.08 -1.9401e-10 5.87537e-10 1.9142e-19
28.11 -1.77579e-10 5.67429e-10 1.76755e-19
28.14 -1.61727e-10 5.47715e-10 1.63073e-19
28.17 -1.46443e-10 5.28395e-10 1.50323e-19
28.2 -1.31715e-10 5.09469e-10 1.38454e-19
28.23 -1.17531e-10 4.90936e-10 1.27416e-19
28.26 -1.03879e-10 4.72795e-10 1.17163e-19
28.29 -9.07489e-11 4.55046e-10 1.07651e-19
28.32 -7.81275e-11 4.37685e-10 9.8836e-20
28.35 -6.60038e-11 4.20712e-10 9.06774e-20
28.38 -5.43663e-11 4.04123e-10 8.31357e-20
28.41 -4.32035e-11 3.87918e-10 7.61734e-20
28.44 -3.25042e-11 3.72093e-10 6.97547e-20
28.47 -2.22571e-11 3.56645e-10 6.38453e-20
28.5 -1.2451e-11 3.41571e-10 5.84128e-20
28.53 -3.07507e-12 3.26868e-10 5.3426e-20
28.56 5.88174e-12 3.12532e-10 4.88555e-20
28.59 1.44302e-11 2.9856e-10 4.46733e-20
28.62 2.2581e-11 2.84949e-10 4.08529e-20
28.65 3.03447e-11 2.71693e-10 3.7369e-20
28.68 3.77317e-11 2.5879e-10 3.41979e-20
28.71 4.47523e-11 2.46234e-10 3.13169e-20
28.74 5.14168e-11 2.34021e-10 2.87048e-20
28.77 5.7735e-11 2.22148e-10 2.63415e-20
28.8 6.3717e-11 2.10609e-10 2.42079e-20
28.83 6.93724e-11 1.99399e-10 2.22863e-20
28.86 7.4711e-11 1.88515e-10 2.05598e-20
28.89 7.9742e-11 1.7795e-10 1.90126e-20
28.92 8.44749e-11 1.67701e-10 1.76299e-20
28.95 8.89187e-11 1.57762e-10 1.63978e-20
28.98 9.30826e-11 1.48129e-10 1.53033e-20
29.01 9.69753e-11 1.38795e-10 1.43342e-20
29.04 1.00606e-10 1.29757e-10 1.34792e-20
29.07 1.03982e-10 1.21009e-10 1.27277e-20
29.1 1.07113e-10 1.12545e-10 1.20698e-20
29.13 1.10006e-10 1.04361e-10 1.14963e-20
29.16 1.12671e-10 9.64517e-11 1.09988e-20
29.19 1.15114e-10 8.88112e-11 1.05693e-20
29.22 1.17343e-10 8.14345e-11 1.02005e-20
29.25 1.19367e-10 7.43166e-11 9.88569e-21
29.28 1.21192e-10 6.7452e-11 9.61862e-21
29.31 1.22826e-10 6.08357e-11 9.39357e-21
29.34 1.24275e-10 5.44623e-11 9.20527e-21
29.37 1.25548e-10 4.83268e-11 9.04891e-21
29.4 1.26651e-10 4.24238e-11 8.92008e-21
29.43 1.2759e-10 3.67483e-11 8.81476e-21
29.46 1.28371e-10 3.12951e-11 8.72928e-21
29.49 1.29002e-10 2.60591e-11 8.66034e-21
29.52 1.29489e-10 2.10353e-11 8.60493e-21
29.55 1.29837e-10 1.62187e-11 8.56035e-21
29.58 1.30053e-10 1.16041e-11 8.52417e-21
29.61 1.30141e-10 7.18685e-12 8.49423e-21
29.64 1.30109e-10 2.96186e-12 8.46859e-21
29.67 1.29961e-10 -1.07566e-12 8.44555e-21
29.7 1.29703e-10 -4.93054e-12 8.4236e-21
29.73 1.2934e-10 -8.6075e-12 8.40143e-21
29.76 1.28876e-10 -1.21113e-11 8.3779e-21
29.79 1.28318e-10 -1.54464e-11 8.35203e-21
29.82 1.27669e-10 -1.86176e-11 8.32299e-21
29.85 1.26934e-10 -2.16294e-11 8.29008e-21
29.88 1.26119e-10 -2.44861e-11 8.25273e-21
29.91 1.25226e-10 -2.71923e-11 8.21049e-21
29.94 1.24261e-10 -2.97522e-11 8.16298e-21
29.97 1.23227e-10 -3.21701e-11 8.10996e-21
