0 0.058173 1 0.501692
0.03 0.0846033 0.9391 0.444533
0.06 0.109372 0.881009 0.394069
0.09 0.132555 0.82561 0.349602
0.12 0.154229 0.772792 0.310497
0.15 0.174463 0.722448 0.276184
0.18 0.193326 0.674474 0.246145
0.21 0.210884 0.628772 0.219913
0.24 0.227198 0.585246 0.197066
0.27 0.242329 0.543805 0.177223
0.3 0.256333 0.504361 0.160043
0.33 0.269267 0.466829 0.145217
0.36 0.281183 0.431129 0.132468
0.39 0.29213 0.397184 0.121547
0.42 0.302158 0.364917 0.112232
0.45 0.311312 0.334258 0.104322
0.48 0.319637 0.305138 0.0976384
0.51 0.327174 0.27749 0.092022
0.54 0.333965 0.251252 0.0873301
0.57 0.340048 0.226361 0.0834361
0.6 0.34546 0.202761 0.0802272
0.63 0.350236 0.180394 0.0776036
0.66 0.35441 0.159206 0.0754767
0.69 0.358015 0.139147 0.0737684
0.72 0.361082 0.120166 0.07241
0.75 0.363639 0.102215 0.0713408
0.78 0.365716 0.0852499 0.0705079
0.81 0.367339 0.0692257 0.0698651
0.84 0.368534 0.0541007 0.0693722
0.87 0.369326 0.0398345 0.0689942
0.9 0.369738 0.0263884 0.0687011
0.93 0.369792 0.0137253 0.0684672
0.96 0.36951 0.00180964 0.0682705
0.99 0.368913 -0.0093927 0.0680924
1.02 0.368019 -0.0199144 0.0679173
1.05 0.366848 -0.029787 0.0677323
1.08 0.365417 -0.0390403 0.0675268
1.11 0.363743 -0.0477033 0.0672922
1.14 0.361842 -0.0558036 0.0670217
1.17 0.359729 -0.0633677 0.0667102
1.2 0.357419 -0.0704209 0.0663539
1.23 0.354927 -0.0769875 0.06595
1.26 0.352264 -0.0830908 0.065497
1.29 0.349444 -0.0887532 0.0649942
1.32 0.346479 -0.0939959 0.0644415
1.35 0.34338 -0.0988395 0.0638395
1.38 0.340158 -0.103303 0.0631894
1.41 0.336823 -0.107407 0.0624929
1.44 0.333385 -0.111167 0.0617517
1.47 0.329853 -0.114602 0.0609682
1.5 0.326236 -0.117727 0.0601448
1.53 0.322543 -0.120559 0.0592841
1.56 0.318781 -0.123113 0.0583889
1.59 0.314957 -0.125402 0.0574619
1.62 0.31108 -0.127441 0.0565061
1.65 0.307155 -0.129244 0.0555242
1.68 0.30319 -0.130821 0.0545192
1.71 0.299189 -0.132187 0.0534938
1.74 0.29516 -0.133351 0.0524509
1.77 0.291106 -0.134326 0.051393
1.8 0.287033 -0.135121 0.050323
1.83 0.282947 -0.135747 0.0492432
1.86 0.278851 -0.136213 0.048156
1.89 0.27475 -0.136529 0.0470639
1.92 0.270648 -0.136703 0.0459689
1.95 0.266548 -0.136743 0.0448733
1.98 0.262454 -0.136658 0.0437789
2.01 0.25837 -0.136455 0.0426875
2.04 0.254299 -0.136141 0.0416011
2.07 0.250242 -0.135724 0.0405211
2.1 0.246204 -0.135209 0.039449
2.13 0.242187 -0.134604 0.0383863
2.16 0.238192 -0.133914 0.0373343
2.19 0.234223 -0.133145 0.036294
2.22 0.230282 -0.132302 0.0352667
2.25 0.226369 -0.13139 0.0342532
2.28 0.222488 -0.130415 0.0332545
2.31 0.218639 -0.129382 0.0322713
2.34 0.214824 -0.128293 0.0313043
2.37 0.211045 -0.127155 0.0303542
2.4 0.207303 -0.12597 0.0294215
2.43 0.203598 -0.124743 0.0285066
2.46 0.199933 -0.123478 0.02761
2.49 0.196308 -0.122177 0.026732
2.52 0.192723 -0.120845 0.0258728
2.55 0.18918 -0.119483 0.0250327
2.58 0.18568 -0.118096 0.0242118
2.61 0.182222 -0.116685 0.0234102
2.64 0.178808 -0.115255 0.022628
2.67 0.175438 -0.113806 0.0218651
2.7 0.172112 -0.112342 0.0211216
2.73 0.168831 -0.110865 0.0203974
2.76 0.165594 -0.109376 0.0196923
2.79 0.162403 -0.107878 0.0190063
2.82 0.159257 -0.106374 0.0183391
2.85 0.156157 -0.104863 0.0176906
2.88 0.153102 -0.103349 0.0170606
2.91 0.150092 -0.101833 0.0164488
2.94 0.147128 -0.100316 0.015855
2.97 0.14421 -0.0987998 0.0152789
3 0.141336 -0.0972857 0.0147202
3.03 0.138508 -0.0957748 0.0141787
3.06 0.135725 -0.0942684 0.0136539
3.09 0.132987 -0.0927676 0.0131457
3.12 0.130294 -0.0912733 0.0126536
3.15 0.127644 -0.0897865 0.0121773
3.18 0.125039 -0.0883081 0.0117165
3.21 0.122478 -0.0868389 0.0112709
3.24 0.11996 -0.0853798 0.01084
3.27 0.117485 -0.0839313 0.0104236
3.3 0.115053 -0.0824942 0.0100212
3.33 0.112663 -0.0810691 0.0096326
3.36 0.110315 -0.0796566 0.00925733
3.39 0.108009 -0.0782571 0.00889509
3.42 0.105744 -0.0768711 0.00854552
3.45 0.10352 -0.0754991 0.00820826
3.48 0.101336 -0.0741415 0.00788299
3.51 0.099192 -0.0727986 0.00756935
3.54 0.0970873 -0.0714708 0.00726701
3.57 0.0950214 -0.0701583 0.00697563
3.6 0.092994 -0.0688614 0.00669489
3.63 0.0910046 -0.0675804 0.00642447
3.66 0.0890526 -0.0663154 0.00616404
3.69 0.0871375 -0.0650666 0.00591331
3.72 0.085259 -0.0638342 0.00567195
3.75 0.0834164 -0.0626182 0.00543967
3.78 0.0816093 -0.0614189 0.00521618
3.81 0.0798372 -0.0602363 0.0050012
3.84 0.0780996 -0.0590704 0.00479443
3.87 0.0763959 -0.0579213 0.00459561
3.9 0.0747257 -0.056789 0.00440446
3.93 0.0730885 -0.0556735 0.00422073
3.96 0.0714837 -0.0545749 0.00404417
3.99 0.0699108 -0.053493 0.00387452
4.02 0.0683694 -0.052428 0.00371154
4.05 0.066859 -0.0513796 0.003555
4.08 0.065379 -0.0503479 0.00340467
4.11 0.063929 -0.0493328 0.00326032
4.14 0.0625084 -0.0483342 0.00312175
4.17 0.0611168 -0.047352 0.00298874
4.2 0.0597538 -0.0463862 0.00286109
4.23 0.0584187 -0.0454365 0.00273861
4.26 0.0571111 -0.0445029 0.00262109
4.29 0.0558306 -0.0435853 0.00250837
4.32 0.0545767 -0.0426835 0.00240025
4.35 0.0533489 -0.0417974 0.00229656
4.38 0.0521467 -0.0409269 0.00219715
4.41 0.0509698 -0.0400717 0.00210183
4.44 0.0498176 -0.0392318 0.00201046
4.47 0.0486896 -0.038407 0.00192289
4.5 0.0475856 -0.0375971 0.00183897
4.53 0.0465049 -0.036802 0.00175855
4.56 0.0454473 -0.0360214 0.0016815
4.59 0.0444122 -0.0352553 0.00160769
4.62 0.0433992 -0.0345034 0.00153699
4.65 0.042408 -0.0337656 0.00146927
4.68 0.041438 -0.0330416 0.00140443
4.71 0.040489 -0.0323313 0.00134234
4.74 0.0395604 -0.0316346 0.00128289
4.77 0.038652 -0.0309512 0.00122598
4.8 0.0377633 -0.0302809 0.0011715
4.83 0.0368939 -0.0296236 0.00111936
4.86 0.0360435 -0.0289791 0.00106946
4.89 0.0352117 -0.0283472 0.00102171
4.92 0.0343981 -0.0277277 0.000976026
4.95 0.0336023 -0.0271204 0.000932315
4.98 0.0328241 -0.0265251 0.0008905
5.01 0.032063 -0.0259416 0.000850502
5.04 0.0313187 -0.0253699 0.000812245
5.07 0.0305909 -0.0248096 0.000775658
5.1 0.0298792 -0.0242606 0.00074067
5.13 0.0291833 -0.0237226 0.000707215
5.16 0.0285029 -0.0231957 0.000675228
5.19 0.0278377 -0.0226794 0.000644648
5.22 0.0271874 -0.0221737 0.000615414
5.25 0.0265516 -0.0216785 0.000587471
5.28 0.02593 -0.0211934 0.000560763
5.31 0.0253224 -0.0207183 0.000535237
5.34 0.0247285 -0.0202531 0.000510844
5.37 0.024148 -0.0197976 0.000487534
5.4 0.0235805 -0.0193516 0.000465262
5.43 0.0230259 -0.0189149 0.000443983
5.46 0.0224838 -0.0184875 0.000423654
5.49 0.021954 -0.018069 0.000404234
5.52 0.0214363 -0.0176594 0.000385684
5.55 0.0209303 -0.0172584 0.000367965
5.58 0.0204358 -0.016866 0.000351043
5.61 0.0199527 -0.016482 0.000334882
5.64 0.0194805 -0.0161061 0.000319449
5.67 0.0190192 -0.0157383 0.000304712
5.7 0.0185684 -0.0153784 0.00029064
5.73 0.0181279 -0.0150263 0.000277206
5.76 0.0176976 -0.0146818 0.000264379
5.79 0.0172771 -0.0143447 0.000252135
5.82 0.0168664 -0.014015 0.000240446
5.85 0.016465 -0.0136924 0.000229289
5.88 0.016073 -0.0133768 0.00021864
5.91 0.01569 -0.0130682 0.000208477
5.94 0.0153159 -0.0127663 0.000198777
5.97 0.0149504 -0.012471 0.00018952
6 0.0145934 -0.0121822 0.000180687
6.03 0.0142447 -0.0118998 0.000172258
6.06 0.0139041 -0.0116236 0.000164216
6.09 0.0135714 -0.0113535 0.000156543
6.12 0.0132465 -0.0110894 0.000149223
6.15 0.0129291 -0.0108312 0.000142239
6.18 0.0126192 -0.0105787 0.000135577
6.21 0.0123165 -0.0103319 0.000129222
6.24 0.0120208 -0.0100905 0.00012316
6.27 0.0117321 -0.00985461 0.000117378
6.3 0.0114501 -0.00962396 0.000111863
6.33 0.0111748 -0.00939848 0.000106604
6.36 0.0109059 -0.00917808 0.000101588
6.39 0.0106434 -0.00896264 9.6805e-05
6.42 0.010387 -0.00875206 9.22439e-05
6.45 0.0101366 -0.00854624 8.78946e-05
6.48 0.00989217 -0.00834507 8.37476e-05
6.51 0.00965348 -0.00814847 7.97936e-05
6.54 0.00942042 -0.00795632 7.60237e-05
6.57 0.00919287 -0.00776855 7.24296e-05
6.6 0.0089707 -0.00758505 6.90032e-05
6.63 0.00875379 -0.00740573 6.57368e-05
6.66 0.00854201 -0.00723051 6.26231e-05
6.69 0.00833525 -0.00705929 5.9655e-05
6.72 0.00813339 -0.00689199 5.68258e-05
6.75 0.00793633 -0.00672853 5.41292e-05
6.78 0.00774394 -0.00656882 5.1559e-05
6.81 0.00755613 -0.00641278 4.91095e-05
6.84 0.00737279 -0.00626033 4.67749e-05
6.87 0.00719381 -0.0061114 4.45501e-05
6.9 0.0070191 -0.0059659 4.24299e-05
6.93 0.00684855 -0.00582376 4.04094e-05
6.96 0.00668208 -0.00568491 3.84841e-05
6.99 0.00651957 -0.00554927 3.66496e-05
7.02 0.00636095 -0.00541677 3.49016e-05
7.05 0.00620612 -0.00528735 3.3236e-05
7.08 0.006055 -0.00516094 3.16492e-05
7.11 0.00590749 -0.00503747 3.01373e-05
7.14 0.00576352 -0.00491687 2.86969e-05
7.17 0.005623 -0.00479908 2.73247e-05
7.2 0.00548585 -0.00468404 2.60174e-05
7.23 0.00535199 -0.00457169 2.47721e-05
7.26 0.00522135 -0.00446197 2.35858e-05
7.29 0.00509384 -0.00435481 2.24558e-05
7.32 0.0049694 -0.00425016 2.13794e-05
7.35 0.00484796 -0.00414796 2.03542e-05
7.38 0.00472944 -0.00404817 1.93776e-05
7.41 0.00461377 -0.00395072 1.84475e-05
7.44 0.00450089 -0.00385556 1.75617e-05
7.47 0.00439073 -0.00376264 1.6718e-05
7.5 0.00428323 -0.00367191 1.59145e-05
7.53 0.00417833 -0.00358331 1.51493e-05
7.56 0.00407596 -0.00349681 1.44206e-05
7.59 0.00397606 -0.00341235 1.37266e-05
7.62 0.00387858 -0.00332989 1.30658e-05
7.65 0.00378346 -0.00324938 1.24365e-05
7.68 0.00369064 -0.00317077 1.18373e-05
7.71 0.00360006 -0.00309403 1.12667e-05
7.74 0.00351168 -0.00301911 1.07235e-05
7.77 0.00342545 -0.00294596 1.02062e-05
7.8 0.0033413 -0.00287456 9.71369e-06
7.83 0.0032592 -0.00280485 9.24477e-06
7.86 0.00317909 -0.00273679 8.79832e-06
7.89 0.00310092 -0.00267036 8.37328e-06
7.92 0.00302466 -0.00260551 7.96862e-06
7.95 0.00295024 -0.00254221 7.58338e-06
7.98 0.00287764 -0.00248042 7.21664e-06
8.01 0.0028068 -0.0024201 6.86751e-06
8.04 0.00273769 -0.00236122 6.53516e-06
8.07 0.00267026 -0.00230375 6.21879e-06
8.1 0.00260447 -0.00224766 5.91763e-06
8.13 0.00254029 -0.00219291 5.63096e-06
8.16 0.00247767 -0.00213947 5.35809e-06
8.19 0.00241658 -0.00208731 5.09835e-06
8.22 0.00235698 -0.0020364 4.85113e-06
8.25 0.00229883 -0.00198671 4.61583e-06
8.28 0.0022421 -0.00193822 4.39186e-06
8.31 0.00218676 -0.00189089 4.1787e-06
8.34 0.00213277 -0.0018447 3.97582e-06
8.37 0.00208011 -0.00179962 3.78274e-06
8.4 0.00202872 -0.00175563 3.59898e-06
8.43 0.0019786 -0.00171269 3.42409e-06
8.46 0.0019297 -0.00167079 3.25765e-06
8.49 0.001882 -0.0016299 3.09926e-06
8.52 0.00183547 -0.00159 2.94853e-06
8.55 0.00179008 -0.00155106 2.80509e-06
8.58 0.0017458 -0.00151306 2.66859e-06
8.61 0.00170261 -0.00147598 2.53869e-06
8.64 0.00166047 -0.0014398 2.41509e-06
8.67 0.00161937 -0.00140449 2.29747e-06
8.7 0.00157928 -0.00137003 2.18555e-06
8.73 0.00154017 -0.00133641 2.07906e-06
8.76 0.00150202 -0.0013036 1.97773e-06
8.79 0.00146481 -0.00127159 1.88131e-06
8.82 0.00142852 -0.00124036 1.78957e-06
8.85 0.00139311 -0.00120988 1.70229e-06
8.88 0.00135858 -0.00118014 1.61924e-06
8.91 0.00132489 -0.00115113 1.54022e-06
8.94 0.00129204 -0.00112282 1.46504e-06
8.97 0.00125999 -0.0010952 1.39351e-06
9 0.00122873 -0.00106824 1.32546e-06
9.03 0.00119824 -0.00104195 1.26072e-06
9.06 0.0011685 -0.00101629 1.19913e-06
9.09 0.0011395 -0.000991264 1.14053e-06
9.12 0.00111121 -0.000966844 1.08479e-06
9.15 0.00108362 -0.000943018 1.03175e-06
9.18 0.0010567 -0.000919773 9.81302e-07
9.21 0.00103045 -0.000897095 9.33307e-07
9.24 0.00100485 -0.000874971 8.87651e-07
9.27 0.000979882 -0.000853386 8.44218e-07
9.3 0.000955529 -0.000832328 8.02903e-07
9.33 0.000931776 -0.000811785 7.63601e-07
9.36 0.000908611 -0.000791744 7.26216e-07
9.39 0.000886017 -0.000772193 6.90654e-07
9.42 0.000863982 -0.000753119 6.56827e-07
9.45 0.000842491 -0.000734513 6.2465e-07
9.48 0.000821531 -0.000716361 5.94044e-07
9.51 0.00080109 -0.000698654 5.64931e-07
9.54 0.000781154 -0.000681381 5.37241e-07
9.57 0.000761711 -0.000664531 5.10903e-07
9.6 0.000742749 -0.000648094 4.85851e-07
9.63 0.000724257 -0.000632059 4.62023e-07
9.66 0.000706222 -0.000616418 4.3936e-07
9.69 0.000688634 -0.000601161 4.17805e-07
9.72 0.000671481 -0.000586278 3.97304e-07
9.75 0.000654753 -0.00057176 3.77805e-07
9.78 0.000638439 -0.000557599 3.59261e-07
9.81 0.00062253 -0.000543786 3.41623e-07
9.84 0.000607015 -0.000530312 3.24849e-07
9.87 0.000591884 -0.000517169 3.08895e-07
9.9 0.000577129 -0.000504349 2.93723e-07
9.93 0.000562739 -0.000491845 2.79294e-07
9.96 0.000548707 -0.000479648 2.65571e-07
9.99 0.000535023 -0.000467751 2.5252e-07
10.02 0.000521678 -0.000456147 2.40109e-07
10.05 0.000508664 -0.000444829 2.28306e-07
10.08 0.000495973 -0.00043379 2.17082e-07
10.11 0.000483598 -0.000423022 2.06407e-07
10.14 0.000471529 -0.00041252 1.96256e-07
10.17 0.000459761 -0.000402277 1.86603e-07
10.2 0.000448285 -0.000392286 1.77424e-07
10.23 0.000437093 -0.000382542 1.68694e-07
10.26 0.00042618 -0.000373038 1.60393e-07
10.29 0.000415539 -0.000363768 1.525e-07
10.32 0.000405161 -0.000354728 1.44994e-07
10.35 0.000395042 -0.00034591 1.37856e-07
10.38 0.000385174 -0.00033731 1.31069e-07
10.41 0.000375552 -0.000328923 1.24615e-07
10.44 0.000366169 -0.000320743 1.18478e-07
10.47 0.000357019 -0.000312765 1.12642e-07
10.5 0.000348098 -0.000304984 1.07094e-07
10.53 0.000339398 -0.000297396 1.01817e-07
10.56 0.000330914 -0.000289995 9.68007e-08
10.59 0.000322642 -0.000282777 9.20304e-08
10.62 0.000314576 -0.000275738 8.74947e-08
10.65 0.000306711 -0.000268873 8.3182e-08
10.68 0.000299041 -0.000262178 7.90814e-08
10.71 0.000291563 -0.000255648 7.51825e-08
10.74 0.000284271 -0.000249281 7.14754e-08
10.77 0.00027716 -0.000243071 6.79506e-08
10.8 0.000270227 -0.000237015 6.45993e-08
10.83 0.000263467 -0.000231109 6.14129e-08
10.86 0.000256875 -0.000225349 5.83834e-08
10.89 0.000250447 -0.000219732 5.55029e-08
10.92 0.00024418 -0.000214254 5.27643e-08
10.95 0.000238069 -0.000208912 5.01605e-08
10.98 0.00023211 -0.000203703 4.7685e-08
11.01 0.0002263 -0.000198623 4.53313e-08
11.04 0.000220635 -0.000193669 4.30936e-08
11.07 0.000215111 -0.000188838 4.09662e-08
11.1 0.000209725 -0.000184127 3.89436e-08
11.13 0.000204473 -0.000179532 3.70206e-08
11.16 0.000199353 -0.000175052 3.51924e-08
11.19 0.00019436 -0.000170683 3.34543e-08
11.22 0.000189492 -0.000166423 3.18019e-08
11.25 0.000184746 -0.000162268 3.0231e-08
11.28 0.000180118 -0.000158217 2.87375e-08
11.31 0.000175605 -0.000154266 2.73176e-08
11.34 0.000171206 -0.000150414 2.59678e-08
11.37 0.000166916 -0.000146657 2.46846e-08
11.4 0.000162733 -0.000142994 2.34646e-08
11.43 0.000158655 -0.000139422 2.23049e-08
11.46 0.000154679 -0.000135938 2.12024e-08
11.49 0.000150802 -0.000132542 2.01542e-08
11.52 0.000147022 -0.00012923 1.91578e-08
11.55 0.000143336 -0.000126 1.82106e-08
11.58 0.000139743 -0.000122851 1.73102e-08
11.61 0.000136239 -0.00011978 1.64541e-08
11.64 0.000132823 -0.000116785 1.56404e-08
11.67 0.000129493 -0.000113865 1.48668e-08
11.7 0.000126246 -0.000111018 1.41315e-08
11.73 0.00012308 -0.000108242 1.34324e-08
11.76 0.000119993 -0.000105535 1.27679e-08
11.79 0.000116983 -0.000102895 1.21362e-08
11.82 0.000114049 -0.000100321 1.15357e-08
11.85 0.000111188 -9.78112e-05 1.09649e-08
11.88 0.000108398 -9.53639e-05 1.04223e-08
11.91 0.000105679 -9.29777e-05 9.90645e-09
11.94 0.000103027 -9.0651e-05 9.41613e-09
11.97 0.000100442 -8.83823e-05 8.95005e-09
12 9.7922e-05 -8.61702e-05 8.50701e-09
12.03 9.54647e-05 -8.40133e-05 8.08587e-09
12.06 9.30689e-05 -8.19101e-05 7.68554e-09
12.09 9.07331e-05 -7.98595e-05 7.30501e-09
12.12 8.84558e-05 -7.786e-05 6.9433e-09
12.15 8.62355e-05 -7.59104e-05 6.59947e-09
12.18 8.40708e-05 -7.40094e-05 6.27265e-09
12.21 8.19603e-05 -7.21559e-05 5.96199e-09
12.24 7.99027e-05 -7.03487e-05 5.66669e-09
12.27 7.78967e-05 -6.85866e-05 5.38601e-09
12.3 7.59409e-05 -6.68685e-05 5.11921e-09
12.33 7.40341e-05 -6.51933e-05 4.8656e-09
12.36 7.21751e-05 -6.35599e-05 4.62455e-09
12.39 7.03626e-05 -6.19673e-05 4.39542e-09
12.42 6.85956e-05 -6.04145e-05 4.17764e-09
12.45 6.68729e-05 -5.89005e-05 3.97063e-09
12.48 6.51933e-05 -5.74244e-05 3.77387e-09
12.51 6.35559e-05 -5.59851e-05 3.58684e-09
12.54 6.19595e-05 -5.45818e-05 3.40907e-09
12.57 6.04031e-05 -5.32136e-05 3.24011e-09
12.6 5.88857e-05 -5.18795e-05 3.07951e-09
12.63 5.74064e-05 -5.05789e-05 2.92686e-09
12.66 5.59642e-05 -4.93107e-05 2.78177e-09
12.69 5.45581e-05 -4.80742e-05 2.64386e-09
12.72 5.31873e-05 -4.68687e-05 2.51278e-09
12.75 5.18509e-05 -4.56933e-05 2.3882e-09
12.78 5.0548e-05 -4.45474e-05 2.26978e-09
12.81 4.92778e-05 -4.343e-05 2.15723e-09
12.84 4.80394e-05 -4.23407e-05 2.05026e-09
12.87 4.68321e-05 -4.12786e-05 1.94858e-09
12.9 4.56551e-05 -4.0243e-05 1.85195e-09
12.93 4.45077e-05 -3.92334e-05 1.7601e-09
12.96 4.3389e-05 -3.82491e-05 1.6728e-09
12.99 4.22984e-05 -3.72894e-05 1.58982e-09
13.02 4.12351e-05 -3.63537e-05 1.51096e-09
13.05 4.01986e-05 -3.54414e-05 1.43601e-09
13.08 3.9188e-05 -3.4552e-05 1.36477e-09
13.11 3.82028e-05 -3.36848e-05 1.29706e-09
13.14 3.72424e-05 -3.28394e-05 1.23271e-09
13.17 3.6306e-05 -3.20151e-05 1.17155e-09
13.2 3.53932e-05 -3.12114e-05 1.11342e-09
13.23 3.45033e-05 -3.04279e-05 1.05817e-09
13.26 3.36357e-05 -2.96641e-05 1.00566e-09
13.29 3.27899e-05 -2.89193e-05 9.55752e-10
13.32 3.19653e-05 -2.81932e-05 9.08321e-10
13.35 3.11615e-05 -2.74853e-05 8.63241e-10
13.38 3.03778e-05 -2.67952e-05 8.20397e-10
13.41 2.96138e-05 -2.61223e-05 7.79677e-10
13.44 2.8869e-05 -2.54663e-05 7.40977e-10
13.47 2.81429e-05 -2.48267e-05 7.04196e-10
13.5 2.74351e-05 -2.42032e-05 6.69239e-10
13.53 2.6745e-05 -2.35953e-05 6.36017e-10
13.56 2.60723e-05 -2.30026e-05 6.04442e-10
13.59 2.54164e-05 -2.24248e-05 5.74433e-10
13.62 2.4777e-05 -2.18615e-05 5.45913e-10
13.65 2.41537e-05 -2.13123e-05 5.18809e-10
13.68 2.35461e-05 -2.07769e-05 4.93048e-10
13.71 2.29537e-05 -2.02549e-05 4.68566e-10
13.74 2.23762e-05 -1.9746e-05 4.45299e-10
13.77 2.18132e-05 -1.92498e-05 4.23186e-10
13.8 2.12644e-05 -1.87661e-05 4.02171e-10
13.83 2.07293e-05 -1.82945e-05 3.82198e-10
13.86 2.02077e-05 -1.78348e-05 3.63217e-10
13.89 1.96993e-05 -1.73866e-05 3.45177e-10
13.92 1.92035e-05 -1.69496e-05 3.28033e-10
13.95 1.87203e-05 -1.65236e-05 3.1174e-10
13.98 1.82492e-05 -1.61083e-05 2.96256e-10
14.01 1.77899e-05 -1.57034e-05 2.8154e-10
14.04 1.73422e-05 -1.53087e-05 2.67554e-10
14.07 1.69058e-05 -1.49239e-05 2.54263e-10
14.1 1.64803e-05 -1.45487e-05 2.41632e-10
14.13 1.60655e-05 -1.4183e-05 2.29628e-10
14.16 1.56611e-05 -1.38264e-05 2.1822e-10
14.19 1.52669e-05 -1.34788e-05 2.07378e-10
14.22 1.48826e-05 -1.31399e-05 1.97075e-10
14.25 1.4508e-05 -1.28095e-05 1.87283e-10
14.28 1.41428e-05 -1.24874e-05 1.77977e-10
14.31 1.37868e-05 -1.21734e-05 1.69134e-10
14.34 1.34397e-05 -1.18673e-05 1.60729e-10
14.37 1.31014e-05 -1.15688e-05 1.52742e-10
14.4 1.27716e-05 -1.12779e-05 1.45152e-10
14.43 1.245e-05 -1.09943e-05 1.37939e-10
14.46 1.21366e-05 -1.07178e-05 1.31084e-10
14.49 1.1831e-05 -1.04482e-05 1.24569e-10
14.52 1.15331e-05 -1.01854e-05 1.18378e-10
14.55 1.12428e-05 -9.92921e-06 1.12494e-10
14.58 1.09597e-05 -9.67945e-06 1.06903e-10
14.61 1.06837e-05 -9.43597e-06 1.0159e-10
14.64 1.04147e-05 -9.1986e-06 9.65402e-11
14.67 1.01525e-05 -8.9672e-06 9.17415e-11
14.7 9.89681e-06 -8.74161e-06 8.71812e-11
14.73 9.64759e-06 -8.52168e-06 8.28475e-11
14.76 9.40464e-06 -8.30729e-06 7.87291e-11
14.79 9.1678e-06 -8.09828e-06 7.48154e-11
14.82 8.93693e-06 -7.89452e-06 7.10961e-11
14.85 8.71186e-06 -7.69588e-06 6.75616e-11
14.88 8.49246e-06 -7.50224e-06 6.42027e-11
14.91 8.27857e-06 -7.31346e-06 6.10107e-11
14.94 8.07007e-06 -7.12943e-06 5.79774e-11
14.97 7.86682e-06 -6.95002e-06 5.50948e-11
15 7.66868e-06 -6.77512e-06 5.23555e-11
15.03 7.47553e-06 -6.60462e-06 4.97522e-11
15.06 7.28724e-06 -6.4384e-06 4.72784e-11
15.09 7.10369e-06 -6.27636e-06 4.49275e-11
15.12 6.92475e-06 -6.1184e-06 4.26935e-11
15.15 6.75033e-06 -5.9644e-06 4.05705e-11
15.18 6.58029e-06 -5.81428e-06 3.8553e-11
15.21 6.41453e-06 -5.66793e-06 3.66358e-11
15.24 6.25294e-06 -5.52527e-06 3.48139e-11
15.27 6.09543e-06 -5.38619e-06 3.30826e-11
15.3 5.94187e-06 -5.2506e-06 3.14374e-11
15.33 5.79219e-06 -5.11843e-06 2.98739e-11
15.36 5.64627e-06 -4.98958e-06 2.83881e-11
15.39 5.50402e-06 -4.86397e-06 2.69762e-11
15.42 5.36536e-06 -4.74152e-06 2.56345e-11
15.45 5.23018e-06 -4.62215e-06 2.43595e-11
15.48 5.09841e-06 -4.50578e-06 2.31479e-11
15.51 4.96996e-06 -4.39234e-06 2.19966e-11
15.54 4.84474e-06 -4.28175e-06 2.09025e-11
15.57 4.72268e-06 -4.17395e-06 1.98628e-11
15.6 4.60368e-06 -4.06885e-06 1.88747e-11
15.63 4.48769e-06 -3.9664e-06 1.79358e-11
15.66 4.37461e-06 -3.86653e-06 1.70436e-11
15.69 4.26439e-06 -3.76917e-06 1.61958e-11
15.72 4.15693e-06 -3.67426e-06 1.53901e-11
15.75 4.05219e-06 -3.58173e-06 1.46245e-11
15.78 3.95008e-06 -3.49154e-06 1.3897e-11
15.81 3.85054e-06 -3.40361e-06 1.32056e-11
15.84 3.75351e-06 -3.31789e-06 1.25486e-11
15.87 3.65893e-06 -3.23434e-06 1.19243e-11
15.9 3.56672e-06 -3.15288e-06 1.13311e-11
15.93 3.47684e-06 -3.07348e-06 1.07673e-11
15.96 3.38922e-06 -2.99607e-06 1.02316e-11
15.99 3.30381e-06 -2.92061e-06 9.72256e-12
16.02 3.22055e-06 -2.84705e-06 9.23882e-12
16.05 3.13939e-06 -2.77534e-06 8.77914e-12
16.08 3.06027e-06 -2.70544e-06 8.34232e-12
16.11 2.98314e-06 -2.63729e-06 7.92723e-12
16.14 2.90796e-06 -2.57086e-06 7.53278e-12
16.17 2.83467e-06 -2.50611e-06 7.15796e-12
16.2 2.76323e-06 -2.44298e-06 6.80178e-12
16.23 2.69358e-06 -2.38144e-06 6.46332e-12
16.26 2.62569e-06 -2.32145e-06 6.1417e-12
16.29 2.55951e-06 -2.26297e-06 5.83608e-12
16.32 2.495e-06 -2.20596e-06 5.54566e-12
16.35 2.43212e-06 -2.15039e-06 5.26969e-12
16.38 2.37081e-06 -2.09622e-06 5.00744e-12
16.41 2.31106e-06 -2.04341e-06 4.75825e-12
16.44 2.2528e-06 -1.99193e-06 4.52145e-12
16.47 2.19602e-06 -1.94174e-06 4.29643e-12
16.5 2.14066e-06 -1.89282e-06 4.08261e-12
16.53 2.08671e-06 -1.84513e-06 3.87943e-12
16.56 2.03411e-06 -1.79865e-06 3.68636e-12
16.59 1.98283e-06 -1.75333e-06 3.50289e-12
16.62 1.93285e-06 -1.70915e-06 3.32855e-12
16.65 1.88413e-06 -1.66609e-06 3.16289e-12
16.68 1.83663e-06 -1.62411e-06 3.00547e-12
16.71 1.79033e-06 -1.58319e-06 2.85588e-12
16.74 1.7452e-06 -1.54329e-06 2.71374e-12
16.77 1.7012e-06 -1.50441e-06 2.57867e-12
16.8 1.65832e-06 -1.4665e-06 2.45032e-12
16.83 1.61651e-06 -1.42954e-06 2.32835e-12
16.86 1.57576e-06 -1.39352e-06 2.21246e-12
16.89 1.53603e-06 -1.3584e-06 2.10233e-12
16.92 1.49731e-06 -1.32417e-06 1.99769e-12
16.95 1.45956e-06 -1.2908e-06 1.89825e-12
16.98 1.42277e-06 -1.25827e-06 1.80376e-12
17.01 1.3869e-06 -1.22657e-06 1.71397e-12
17.04 1.35193e-06 -1.19565e-06 1.62865e-12
17.07 1.31785e-06 -1.16552e-06 1.54758e-12
17.1 1.28462e-06 -1.13615e-06 1.47054e-12
17.13 1.25223e-06 -1.10751e-06 1.39734e-12
17.16 1.22066e-06 -1.0796e-06 1.32778e-12
17.19 1.18988e-06 -1.05239e-06 1.26168e-12
17.22 1.15988e-06 -1.02587e-06 1.19887e-12
17.25 1.13064e-06 -1.00001e-06 1.13919e-12
17.28 1.10213e-06 -9.7481e-07 1.08247e-12
17.31 1.07434e-06 -9.5024e-07 1.02859e-12
17.34 1.04726e-06 -9.2629e-07 9.77378e-13
17.37 1.02085e-06 -9.02943e-07 9.2872e-13
17.4 9.9511e-07 -8.80184e-07 8.82483e-13
17.43 9.70018e-07 -8.57998e-07 8.38548e-13
17.46 9.4556e-07 -8.36372e-07 7.968e-13
17.49 9.21718e-07 -8.1529e-07 7.5713e-13
17.52 8.98476e-07 -7.94739e-07 7.19435e-13
17.55 8.75821e-07 -7.74706e-07 6.83616e-13
17.58 8.53737e-07 -7.55178e-07 6.4958e-13
17.61 8.32209e-07 -7.36142e-07 6.17239e-13
17.64 8.11224e-07 -7.17586e-07 5.86507e-13
17.67 7.90768e-07 -6.99497e-07 5.57305e-13
17.7 7.70828e-07 -6.81864e-07 5.29557e-13
17.73 7.51391e-07 -6.64675e-07 5.0319e-13
17.76 7.32443e-07 -6.47919e-07 4.78136e-13
17.79 7.13973e-07 -6.31586e-07 4.54329e-13
17.82 6.95969e-07 -6.15664e-07 4.31707e-13
17.85 6.78418e-07 -6.00143e-07 4.10212e-13
17.88 6.6131e-07 -5.85014e-07 3.89786e-13
17.91 6.44634e-07 -5.70266e-07 3.70378e-13
17.94 6.28377e-07 -5.55889e-07 3.51935e-13
17.97 6.12531e-07 -5.41875e-07 3.34411e-13
18 5.97084e-07 -5.28214e-07 3.17759e-13
18.03 5.82027e-07 -5.14897e-07 3.01937e-13
18.06 5.67349e-07 -5.01915e-07 2.86902e-13
18.09 5.53041e-07 -4.89261e-07 2.72615e-13
18.12 5.39094e-07 -4.76926e-07 2.5904e-13
18.15 5.25499e-07 -4.64902e-07 2.46141e-13
18.18 5.12246e-07 -4.5318e-07 2.33884e-13
18.21 4.99327e-07 -4.41755e-07 2.22237e-13
18.24 4.86735e-07 -4.30617e-07 2.11171e-13
18.27 4.74459e-07 -4.19759e-07 2.00655e-13
18.3 4.62494e-07 -4.09176e-07 1.90663e-13
18.33 4.5083e-07 -3.98859e-07 1.81168e-13
18.36 4.3946e-07 -3.88802e-07 1.72146e-13
18.39 4.28376e-07 -3.78999e-07 1.63573e-13
18.42 4.17572e-07 -3.69443e-07 1.55427e-13
18.45 4.07041e-07 -3.60128e-07 1.47687e-13
18.48 3.96775e-07 -3.51047e-07 1.40332e-13
18.51 3.86768e-07 -3.42196e-07 1.33344e-13
18.54 3.77013e-07 -3.33567e-07 1.26703e-13
18.57 3.67505e-07 -3.25156e-07 1.20393e-13
18.6 3.58236e-07 -3.16957e-07 1.14397e-13
18.63 3.49201e-07 -3.08965e-07 1.087e-13
18.66 3.40393e-07 -3.01174e-07 1.03287e-13
18.69 3.31808e-07 -2.9358e-07 9.81427e-14
18.72 3.23439e-07 -2.86177e-07 9.3255e-14
18.75 3.15281e-07 -2.7896e-07 8.86106e-14
18.78 3.07329e-07 -2.71926e-07 8.41975e-14
18.81 2.99578e-07 -2.65069e-07 8.00041e-14
18.84 2.92022e-07 -2.58384e-07 7.60196e-14
18.87 2.84656e-07 -2.51869e-07 7.22335e-14
18.9 2.77476e-07 -2.45517e-07 6.86359e-14
18.93 2.70478e-07 -2.39326e-07 6.52175e-14
18.96 2.63655e-07 -2.33291e-07 6.19693e-14
18.99 2.57005e-07 -2.27408e-07 5.88829e-14
19.02 2.50523e-07 -2.21673e-07 5.59502e-14
19.05 2.44204e-07 -2.16083e-07 5.31636e-14
19.08 2.38044e-07 -2.10633e-07 5.05157e-14
19.11 2.3204e-07 -2.05321e-07 4.79997e-14
19.14 2.26187e-07 -2.00143e-07 4.5609e-14
19.17 2.20482e-07 -1.95096e-07 4.33373e-14
19.2 2.1492e-07 -1.90176e-07 4.11788e-14
19.23 2.09499e-07 -1.8538e-07 3.91278e-14
19.26 2.04215e-07 -1.80705e-07 3.71789e-14
19.29 1.99064e-07 -1.76147e-07 3.53271e-14
19.32 1.94042e-07 -1.71705e-07 3.35675e-14
19.35 1.89148e-07 -1.67374e-07 3.18955e-14
19.38 1.84377e-07 -1.63153e-07 3.03069e-14
19.41 1.79726e-07 -1.59039e-07 2.87973e-14
19.44 1.75192e-07 -1.55028e-07 2.73629e-14
19.47 1.70773e-07 -1.51118e-07 2.6e-14
19.5 1.66465e-07 -1.47306e-07 2.47049e-14
19.53 1.62266e-07 -1.43591e-07 2.34744e-14
19.56 1.58173e-07 -1.3997e-07 2.23051e-14
19.59 1.54183e-07 -1.36439e-07 2.11941e-14
19.62 1.50294e-07 -1.32998e-07 2.01384e-14
19.65 1.46503e-07 -1.29644e-07 1.91353e-14
19.68 1.42807e-07 -1.26374e-07 1.81821e-14
19.71 1.39205e-07 -1.23187e-07 1.72764e-14
19.74 1.35693e-07 -1.2008e-07 1.64159e-14
19.77 1.3227e-07 -1.17051e-07 1.55982e-14
19.8 1.28933e-07 -1.14099e-07 1.48212e-14
19.83 1.25681e-07 -1.11221e-07 1.40829e-14
19.86 1.2251e-07 -1.08416e-07 1.33814e-14
19.89 1.1942e-07 -1.05681e-07 1.27148e-14
19.92 1.16407e-07 -1.03016e-07 1.20815e-14
19.95 1.13471e-07 -1.00417e-07 1.14796e-14
19.98 1.10608e-07 -9.78845e-08 1.09078e-14
20.01 1.07818e-07 -9.54155e-08 1.03644e-14
20.04 1.05098e-07 -9.30089e-08 9.84815e-15
20.07 1.02447e-07 -9.06629e-08 9.35758e-15
20.1 9.98627e-08 -8.8376e-08 8.89144e-15
20.13 9.73434e-08 -8.61469e-08 8.44852e-15
20.16 9.48878e-08 -8.3974e-08 8.02766e-15
20.19 9.2494e-08 -8.18558e-08 7.62776e-15
20.22 9.01607e-08 -7.97911e-08 7.24778e-15
20.25 8.78862e-08 -7.77785e-08 6.88674e-15
20.28 8.56691e-08 -7.58166e-08 6.54367e-15
20.31 8.35079e-08 -7.39042e-08 6.21769e-15
20.34 8.14012e-08 -7.204e-08 5.90796e-15
20.37 7.93476e-08 -7.02228e-08 5.61365e-15
20.4 7.73459e-08 -6.84515e-08 5.334e-15
20.43 7.53946e-08 -6.67248e-08 5.06828e-15
20.46 7.34926e-08 -6.50417e-08 4.81579e-15
20.49 7.16385e-08 -6.34011e-08 4.57589e-15
20.52 6.98313e-08 -6.18018e-08 4.34793e-15
20.55 6.80696e-08 -6.02428e-08 4.13133e-15
20.58 6.63523e-08 -5.87232e-08 3.92552e-15
20.61 6.46784e-08 -5.72419e-08 3.72996e-15
20.64 6.30467e-08 -5.57979e-08 3.54415e-15
20.67 6.14561e-08 -5.43904e-08 3.36759e-15
20.7 5.99057e-08 -5.30184e-08 3.19982e-15
20.73 5.83944e-08 -5.1681e-08 3.04041e-15
20.76 5.69212e-08 -5.03773e-08 2.88894e-15
20.79 5.54851e-08 -4.91065e-08 2.74502e-15
20.82 5.40853e-08 -4.78677e-08 2.60827e-15
20.85 5.27208e-08 -4.66602e-08 2.47833e-15
20.88 5.13908e-08 -4.54832e-08 2.35486e-15
20.91 5.00942e-08 -4.43358e-08 2.23755e-15
20.94 4.88304e-08 -4.32174e-08 2.12608e-15
20.97 4.75985e-08 -4.21272e-08 2.02016e-15
21 4.63976e-08 -4.10644e-08 1.91951e-15
21.03 4.52271e-08 -4.00285e-08 1.82389e-15
21.06 4.4086e-08 -3.90187e-08 1.73302e-15
21.09 4.29738e-08 -3.80344e-08 1.64668e-15
21.12 4.18896e-08 -3.70749e-08 1.56465e-15
21.15 4.08328e-08 -3.61397e-08 1.48669e-15
21.18 3.98026e-08 -3.5228e-08 1.41263e-15
21.21 3.87984e-08 -3.43393e-08 1.34225e-15
21.24 3.78195e-08 -3.3473e-08 1.27538e-15
21.27 3.68654e-08 -3.26286e-08 1.21184e-15
21.3 3.59353e-08 -3.18054e-08 1.15147e-15
21.33 3.50287e-08 -3.10031e-08 1.0941e-15
21.36 3.41449e-08 -3.02209e-08 1.03959e-15
21.39 3.32834e-08 -2.94586e-08 9.87797e-16
21.42 3.24437e-08 -2.87154e-08 9.38584e-16
21.45 3.16252e-08 -2.7991e-08 8.91822e-16
21.48 3.08273e-08 -2.72848e-08 8.47391e-16
21.51 3.00495e-08 -2.65965e-08 8.05173e-16
21.54 2.92914e-08 -2.59255e-08 7.65058e-16
21.57 2.85523e-08 -2.52715e-08 7.26942e-16
21.6 2.7832e-08 -2.46339e-08 6.90724e-16
21.63 2.71298e-08 -2.40125e-08 6.56311e-16
21.66 2.64453e-08 -2.34067e-08 6.23612e-16
21.69 2.57781e-08 -2.28162e-08 5.92543e-16
21.72 2.51277e-08 -2.22405e-08 5.63021e-16
21.75 2.44937e-08 -2.16795e-08 5.3497e-16
21.78 2.38757e-08 -2.11325e-08 5.08317e-16
21.81 2.32733e-08 -2.05994e-08 4.82991e-16
21.84 2.26861e-08 -2.00797e-08 4.58927e-16
21.87 2.21138e-08 -1.95731e-08 4.36062e-16
21.9 2.15558e-08 -1.90793e-08 4.14337e-16
21.93 2.1012e-08 -1.8598e-08 3.93693e-16
21.96 2.04818e-08 -1.81288e-08 3.74078e-16
21.99 1.9965e-08 -1.76714e-08 3.55441e-16
22.02 1.94613e-08 -1.72256e-08 3.37731e-16
22.05 1.89703e-08 -1.6791e-08 3.20905e-16
22.08 1.84917e-08 -1.63674e-08 3.04916e-16
22.11 1.80251e-08 -1.59544e-08 2.89724e-16
22.14 1.75703e-08 -1.55519e-08 2.75289e-16
22.17 1.7127e-08 -1.51596e-08 2.61573e-16
22.2 1.66949e-08 -1.47771e-08 2.48541e-16
22.23 1.62737e-08 -1.44043e-08 2.36157e-16
22.26 1.58631e-08 -1.40409e-08 2.24391e-16
22.29 1.54628e-08 -1.36866e-08 2.13211e-16
22.32 1.50727e-08 -1.33413e-08 2.02588e-16
22.35 1.46924e-08 -1.30047e-08 1.92494e-16
22.38 1.43217e-08 -1.26766e-08 1.82903e-16
22.41 1.39603e-08 -1.23568e-08 1.7379e-16
22.44 1.36081e-08 -1.2045e-08 1.65131e-16
22.47 1.32647e-08 -1.17411e-08 1.56904e-16
22.5 1.29301e-08 -1.14449e-08 1.49086e-16
22.53 1.26038e-08 -1.11562e-08 1.41658e-16
22.56 1.22858e-08 -1.08747e-08 1.346e-16
22.59 1.19758e-08 -1.06003e-08 1.27894e-16
22.62 1.16737e-08 -1.03329e-08 1.21521e-16
22.65 1.13791e-08 -1.00722e-08 1.15467e-16
22.68 1.1092e-08 -9.81806e-09 1.09713e-16
22.71 1.08121e-08 -9.57035e-09 1.04247e-16
22.74 1.05393e-08 -9.32889e-09 9.90528e-17
22.77 1.02734e-08 -9.09352e-09 9.41175e-17
22.8 1.00142e-08 -8.86409e-09 8.94281e-17
22.83 9.76152e-09 -8.64045e-09 8.49723e-17
22.86 9.51522e-09 -8.42245e-09 8.07385e-17
22.89 9.27514e-09 -8.20994e-09 7.67157e-17
22.92 9.04111e-09 -8.0028e-09 7.28933e-17
22.95 8.81299e-09 -7.80089e-09 6.92613e-17
22.98 8.59062e-09 -7.60407e-09 6.58103e-17
23.01 8.37387e-09 -7.41222e-09 6.25313e-17
23.04 8.16258e-09 -7.2252e-09 5.94156e-17
23.07 7.95662e-09 -7.04291e-09 5.64552e-17
23.1 7.75586e-09 -6.86521e-09 5.36422e-17
23.13 7.56017e-09 -6.69199e-09 5.09695e-17
23.16 7.36941e-09 -6.52315e-09 4.84299e-17
23.19 7.18347e-09 -6.35857e-09 4.60168e-17
23.22 7.00221e-09 -6.19814e-09 4.37239e-17
23.25 6.82553e-09 -6.04175e-09 4.15453e-17
23.28 6.65331e-09 -5.88931e-09 3.94753e-17
23.31 6.48544e-09 -5.74072e-09 3.75084e-17
23.34 6.3218e-09 -5.59588e-09 3.56395e-17
23.37 6.16228e-09 -5.45469e-09 3.38637e-17
23.4 6.0068e-09 -5.31706e-09 3.21764e-17
23.43 5.85523e-09 -5.1829e-09 3.05731e-17
23.46 5.70749e-09 -5.05213e-09 2.90498e-17
23.49 5.56348e-09 -4.92466e-09 2.76023e-17
23.52 5.4231e-09 -4.80041e-09 2.6227e-17
23.55 5.28627e-09 -4.67929e-09 2.49202e-17
23.58 5.15288e-09 -4.56122e-09 2.36785e-17
23.61 5.02286e-09 -4.44614e-09 2.24986e-17
23.64 4.89612e-09 -4.33396e-09 2.13776e-17
23.67 4.77258e-09 -4.2246e-09 2.03124e-17
23.7 4.65216e-09 -4.11801e-09 1.93003e-17
23.73 4.53478e-09 -4.01411e-09 1.83386e-17
23.76 4.42035e-09 -3.91283e-09 1.74249e-17
23.79 4.30882e-09 -3.8141e-09 1.65566e-17
23.82 4.2001e-09 -3.71787e-09 1.57317e-17
23.85 4.09412e-09 -3.62406e-09 1.49478e-17
23.88 3.99081e-09 -3.53262e-09 1.4203e-17
23.91 3.89011e-09 -3.44348e-09 1.34953e-17
23.94 3.79196e-09 -3.3566e-09 1.28229e-17
23.97 3.69628e-09 -3.27191e-09 1.21839e-17
24 3.60301e-09 -3.18935e-09 1.15768e-17
24.03 3.5121e-09 -3.10888e-09 1.1e-17
24.06 3.42348e-09 -3.03044e-09 1.04519e-17
24.09 3.3371e-09 -2.95397e-09 9.93108e-18
24.12 3.25289e-09 -2.87944e-09 9.43624e-18
24.15 3.17081e-09 -2.80679e-09 8.96605e-18
24.18 3.0908e-09 -2.73596e-09 8.51929e-18
24.21 3.01282e-09 -2.66693e-09 8.09479e-18
24.24 2.93679e-09 -2.59964e-09 7.69144e-18
24.27 2.86269e-09 -2.53405e-09 7.30819e-18
24.3 2.79046e-09 -2.47011e-09 6.94404e-18
24.33 2.72005e-09 -2.40778e-09 6.59803e-18
24.36 2.65141e-09 -2.34703e-09 6.26926e-18
24.39 2.58451e-09 -2.28781e-09 5.95688e-18
24.42 2.5193e-09 -2.23008e-09 5.66006e-18
24.45 2.45573e-09 -2.17381e-09 5.37803e-18
24.48 2.39376e-09 -2.11896e-09 5.11005e-18
24.51 2.33336e-09 -2.0655e-09 4.85542e-18
24.54 2.27448e-09 -2.01338e-09 4.61349e-18
24.57 2.21709e-09 -1.96258e-09 4.3836e-18
24.6 2.16115e-09 -1.91306e-09 4.16517e-18
24.63 2.10662e-09 -1.86479e-09 3.95763e-18
24.66 2.05346e-09 -1.81773e-09 3.76043e-18
24.69 2.00165e-09 -1.77187e-09 3.57305e-18
24.72 1.95114e-09 -1.72716e-09 3.39501e-18
24.75 1.9019e-09 -1.68358e-09 3.22584e-18
24.78 1.85391e-09 -1.6411e-09 3.0651e-18
24.81 1.80713e-09 -1.59969e-09 2.91237e-18
24.84 1.76153e-09 -1.55933e-09 2.76725e-18
24.87 1.71709e-09 -1.51998e-09 2.62936e-18
24.9 1.67376e-09 -1.48163e-09 2.49834e-18
24.93 1.63152e-09 -1.44424e-09 2.37385e-18
24.96 1.59036e-09 -1.4078e-09 2.25557e-18
24.99 1.55023e-09 -1.37228e-09 2.14318e-18
25.02 1.51111e-09 -1.33765e-09 2.03638e-18
25.05 1.47298e-09 -1.3039e-09 1.93491e-18
25.08 1.43581e-09 -1.271e-09 1.8385e-18
25.11 1.39958e-09 -1.23893e-09 1.74689e-18
25.14 1.36427e-09 -1.20767e-09 1.65984e-18
25.17 1.32984e-09 -1.17719e-09 1.57713e-18
25.2 1.29629e-09 -1.14749e-09 1.49855e-18
25.23 1.26358e-09 -1.11854e-09 1.42387e-18
25.26 1.23169e-09 -1.09031e-09 1.35292e-18
25.29 1.20061e-09 -1.0628e-09 1.28551e-18
25.32 1.17032e-09 -1.03598e-09 1.22145e-18
25.35 1.14079e-09 -1.00984e-09 1.16059e-18
25.38 1.112e-09 -9.84363e-10 1.10276e-18
25.41 1.08394e-09 -9.59524e-10 1.04781e-18
25.44 1.05659e-09 -9.35313e-10 9.95596e-19
25.47 1.02993e-09 -9.11712e-10 9.45986e-19
25.5 1.00394e-09 -8.88707e-10 8.98848e-19
25.53 9.78607e-10 -8.66283e-10 8.54059e-19
25.56 9.53913e-10 -8.44424e-10 8.11501e-19
25.59 9.29843e-10 -8.23117e-10 7.71065e-19
25.62 9.0638e-10 -8.02347e-10 7.32643e-19
25.65 8.83509e-10 -7.82102e-10 6.96136e-19
25.68 8.61215e-10 -7.62367e-10 6.61447e-19
25.71 8.39484e-10 -7.4313e-10 6.28488e-19
25.74 8.18301e-10 -7.24379e-10 5.9717e-19
25.77 7.97652e-10 -7.06101e-10 5.67414e-19
25.8 7.77525e-10 -6.88284e-10 5.39139e-19
25.83 7.57905e-10 -6.70916e-10 5.12274e-19
25.86 7.38781e-10 -6.53987e-10 4.86748e-19
25.89 7.20139e-10 -6.37485e-10 4.62493e-19
25.92 7.01967e-10 -6.21399e-10 4.39447e-19
25.95 6.84254e-10 -6.05719e-10 4.1755e-19
25.98 6.66988e-10 -5.90435e-10 3.96743e-19
26.01 6.50157e-10 -5.75537e-10 3.76974e-19
26.04 6.33752e-10 -5.61014e-10 3.58189e-19
26.07 6.1776e-10 -5.46858e-10 3.40341e-19
26.1 6.02172e-10 -5.33059e-10 3.23381e-19
26.13 5.86977e-10 -5.19608e-10 3.07267e-19
26.16 5.72165e-10 -5.06497e-10 2.91956e-19
26.19 5.57727e-10 -4.93716e-10 2.77408e-19
26.22 5.43654e-10 -4.81258e-10 2.63585e-19
26.25 5.29936e-10 -4.69115e-10 2.5045e-19
26.28 5.16564e-10 -4.57278e-10 2.3797e-19
26.31 5.03529e-10 -4.45739e-10 2.26112e-19
26.34 4.90823e-10 -4.34492e-10 2.14845e-19
26.37 4.78438e-10 -4.23528e-10 2.04139e-19
26.4 4.66365e-10 -4.12841e-10 1.93967e-19
26.43 4.54597e-10 -4.02424e-10 1.84302e-19
26.46 4.43126e-10 -3.92269e-10 1.75118e-19
26.49 4.31944e-10 -3.82371e-10 1.66392e-19
26.52 4.21045e-10 -3.72722e-10 1.581e-19
26.55 4.1042e-10 -3.63317e-10 1.50222e-19
26.58 4.00064e-10 -3.5415e-10 1.42737e-19
26.61 3.89969e-10 -3.45213e-10 1.35624e-19
26.64 3.80128e-10 -3.36502e-10 1.28866e-19
26.67 3.70536e-10 -3.28011e-10 1.22444e-19
26.7 3.61186e-10 -3.19734e-10 1.16343e-19
26.73 3.52072e-10 -3.11667e-10 1.10545e-19
26.76 3.43188e-10 -3.03802e-10 1.05037e-19
26.79 3.34528e-10 -2.96136e-10 9.98029e-20
26.82 3.26087e-10 -2.88664e-10 9.48297e-20
26.85 3.17858e-10 -2.8138e-10 9.01043e-20
26.88 3.09838e-10 -2.74279e-10 8.56143e-20
26.91 3.02019e-10 -2.67358e-10 8.13481e-20
26.94 2.94398e-10 -2.60612e-10 7.72945e-20
26.97 2.8697e-10 -2.54036e-10 7.34429e-20
27 2.79728e-10 -2.47626e-10 6.97832e-20
27.03 2.7267e-10 -2.41377e-10 6.63059e-20
27.06 2.65789e-10 -2.35286e-10 6.30018e-20
27.09 2.59082e-10 -2.29349e-10 5.98624e-20
27.12 2.52545e-10 -2.23562e-10 5.68794e-20
27.15 2.46172e-10 -2.17921e-10 5.40451e-20
27.18 2.3996e-10 -2.12422e-10 5.1352e-20
27.21 2.33905e-10 -2.07062e-10 4.87931e-20
27.24 2.28003e-10 -2.01837e-10 4.63617e-20
27.27 2.22249e-10 -1.96744e-10 4.40514e-20
27.3 2.16641e-10 -1.91779e-10 4.18563e-20
27.33 2.11174e-10 -1.8694e-10 3.97706e-20
27.36 2.05846e-10 -1.82223e-10 3.77888e-20
27.39 2.00651e-10 -1.77625e-10 3.59058e-20
27.42 1.95588e-10 -1.73143e-10 3.41166e-20
27.45 1.90653e-10 -1.68774e-10 3.24165e-20
27.48 1.85842e-10 -1.64515e-10 3.08012e-20
27.51 1.81152e-10 -1.60363e-10 2.92663e-20
27.54 1.76581e-10 -1.56317e-10 2.7808e-20
27.57 1.72125e-10 -1.52372e-10 2.64223e-20
27.6 1.67782e-10 -1.48528e-10 2.51056e-20
27.63 1.63548e-10 -1.4478e-10 2.38546e-20
27.66 1.59421e-10 -1.41126e-10 2.26659e-20
27.69 1.55398e-10 -1.37565e-10 2.15364e-20
27.72 1.51477e-10 -1.34094e-10 2.04632e-20
27.75 1.47655e-10 -1.3071e-10 1.94435e-20
27.78 1.43929e-10 -1.27412e-10 1.84747e-20
27.81 1.40297e-10 -1.24197e-10 1.7554e-20
27.84 1.36757e-10 -1.21063e-10 1.66793e-20
27.87 1.33306e-10 -1.18008e-10 1.58482e-20
27.9 1.29942e-10 -1.1503e-10 1.50584e-20
27.93 1.26663e-10 -1.12128e-10 1.43081e-20
27.96 1.23467e-10 -1.09298e-10 1.35951e-20
27.99 1.20351e-10 -1.0654e-10 1.29176e-20
28.02 1.17314e-10 -1.03852e-10 1.22739e-20
28.05 1.14354e-10 -1.01231e-10 1.16623e-20
28.08 1.11468e-10 -9.86768e-11 1.10812e-20
28.11 1.08656e-10 -9.61868e-11 1.0529e-20
28.14 1.05914e-10 -9.37597e-11 1.00043e-20
28.17 1.03241e-10 -9.13938e-11 9.50578e-21
28.2 1.00636e-10 -8.90875e-11 9.0321e-21
28.23 9.80965e-11 -8.68395e-11 8.58202e-21
28.26 9.56212e-11 -8.46482e-11 8.15437e-21
28.29 9.32083e-11 -8.25122e-11 7.74803e-21
28.32 9.08563e-11 -8.04301e-11 7.36193e-21
28.35 8.85636e-11 -7.84006e-11 6.99508e-21
28.38 8.63288e-11 -7.64222e-11 6.64651e-21
28.41 8.41504e-11 -7.44938e-11 6.3153e-21
28.44 8.20269e-11 -7.2614e-11 6.00061e-21
28.47 7.9957e-11 -7.07817e-11 5.70159e-21
28.5 7.79394e-11 -6.89956e-11 5.41747e-21
28.53 7.59727e-11 -6.72546e-11 5.14751e-21
28.56 7.40556e-11 -6.55575e-11 4.89101e-21
28.59 7.21869e-11 -6.39032e-11 4.64728e-21
28.62 7.03653e-11 -6.22907e-11 4.4157e-21
28.65 6.85897e-11 -6.07189e-11 4.19566e-21
28.68 6.68589e-11 -5.91867e-11 3.98659e-21
28.71 6.51718e-11 -5.76932e-11 3.78793e-21
28.74 6.35272e-11 -5.62374e-11 3.59917e-21
28.77 6.19242e-11 -5.48183e-11 3.41982e-21
28.8 6.03616e-11 -5.3435e-11 3.24941e-21
28.83 5.88384e-11 -5.20866e-11 3.08749e-21
28.86 5.73537e-11 -5.07723e-11 2.93363e-21
28.89 5.59064e-11 -4.94911e-11 2.78745e-21
28.92 5.44957e-11 -4.82422e-11 2.64854e-21
28.95 5.31205e-11 -4.70249e-11 2.51656e-21
28.98 5.17801e-11 -4.58383e-11 2.39116e-21
29.01 5.04734e-11 -4.46816e-11 2.27201e-21
29.04 4.91998e-11 -4.35541e-11 2.15879e-21
29.07 4.79583e-11 -4.2455e-11 2.05121e-21
29.1 4.67481e-11 -4.13837e-11 1.949e-21
29.13 4.55684e-11 -4.03395e-11 1.85188e-21
29.16 4.44186e-11 -3.93215e-11 1.7596e-21
29.19 4.32977e-11 -3.83293e-11 1.67191e-21
29.22 4.22051e-11 -3.73621e-11 1.5886e-21
29.25 4.11401e-11 -3.64193e-11 1.50944e-21
29.28 4.0102e-11 -3.55003e-11 1.43422e-21
29.31 3.909e-11 -3.46045e-11 1.36275e-21
29.34 3.81036e-11 -3.37313e-11 1.29484e-21
29.37 3.71421e-11 -3.28801e-11 1.23032e-21
29.4 3.62049e-11 -3.20504e-11 1.16901e-21
29.43 3.52913e-11 -3.12416e-11 1.11076e-21
29.46 3.44007e-11 -3.04533e-11 1.05541e-21
29.49 3.35327e-11 -2.96848e-11 1.00281e-21
29.52 3.26865e-11 -2.89358e-11 9.52843e-22
29.55 3.18617e-11 -2.82056e-11 9.05361e-22
29.58 3.10577e-11 -2.74939e-11 8.60246e-22
29.61 3.0274e-11 -2.68001e-11 8.17379e-22
29.64 2.951e-11 -2.61238e-11 7.76647e-22
29.67 2.87654e-11 -2.54646e-11 7.37946e-22
29.7 2.80395e-11 -2.4822e-11 7.01173e-22
29.73 2.73319e-11 -2.41957e-11 6.66233e-22
29.76 2.66422e-11 -2.35851e-11 6.33033e-22
29.79 2.597e-11 -2.299e-11 6.01488e-22
29.82 2.53146e-11 -2.24098e-11 5.71515e-22
29.85 2.46758e-11 -2.18443e-11 5.43036e-22
29.88 2.40532e-11 -2.12931e-11 5.15975e-22
29.91 2.34462e-11 -2.07558e-11 4.90264e-22
29.94 2.28545e-11 -2.0232e-11 4.65833e-22
29.97 2.22778e-11 -1.97215e-11 4.4262e-22
