0 0.059073 1 0.501745
0.03 0.0872206 0.9691 0.473381
0.06 0.114445 0.938255 0.44671
0.09 0.14075 0.907491 0.421675
0.12 0.166139 0.876832 0.398219
0.15 0.190617 0.846305 0.376284
0.18 0.214189 0.815932 0.355811
0.21 0.236862 0.785735 0.336742
0.24 0.25864 0.755737 0.319017
0.27 0.279533 0.725959 0.302578
0.3 0.299547 0.696421 0.287366
0.33 0.318692 0.667143 0.273322
0.36 0.336975 0.638142 0.260389
0.39 0.354406 0.609437 0.248509
0.42 0.370995 0.581045 0.237625
0.45 0.386753 0.552981 0.227683
0.48 0.40169 0.525262 0.218628
0.51 0.415818 0.497901 0.210405
0.54 0.429147 0.470914 0.202964
0.57 0.44169 0.444312 0.196252
0.6 0.45346 0.418108 0.19022
0.63 0.464468 0.392314 0.18482
0.66 0.474728 0.366941 0.180006
0.69 0.484253 0.341999 0.175732
0.72 0.493056 0.317497 0.171954
0.75 0.501152 0.293444 0.168631
0.78 0.508553 0.269849 0.165723
0.81 0.515275 0.246719 0.163189
0.84 0.521332 0.224061 0.160995
0.87 0.526737 0.201881 0.159104
0.9 0.531506 0.180185 0.157483
0.93 0.535654 0.158977 0.1561
0.96 0.539196 0.138262 0.154924
0.99 0.542145 0.118045 0.153928
1.02 0.544519 0.0983277 0.153085
1.05 0.546331 0.0791135 0.152368
1.08 0.547597 0.0604046 0.151756
1.11 0.548332 0.0422025 0.151225
1.14 0.548552 0.0245085 0.150755
1.17 0.548271 0.00732329 0.150328
1.2 0.547506 -0.00935297 0.149925
1.23 0.54627 -0.0255205 0.149531
1.26 0.54458 -0.0411801 0.149132
1.29 0.542451 -0.0563328 0.148713
1.32 0.539897 -0.0709802 0.148264
1.35 0.536934 -0.0851243 0.147772
1.38 0.533577 -0.0987675 0.14723
1.41 0.52984 -0.111913 0.146627
1.44 0.525738 -0.124562 0.145958
1.47 0.521287 -0.136721 0.145216
1.5 0.516499 -0.148391 0.144396
1.53 0.511391 -0.159578 0.143493
1.56 0.505975 -0.170286 0.142504
1.59 0.500267 -0.180519 0.141427
1.62 0.494279 -0.190283 0.14026
1.65 0.488027 -0.199582 0.139001
1.68 0.481522 -0.208423 0.137652
1.71 0.47478 -0.216811 0.136211
1.74 0.467812 -0.224753 0.134681
1.77 0.460632 -0.232253 0.133062
1.8 0.453254 -0.23932 0.131356
1.83 0.445688 -0.245959 0.129567
1.86 0.437949 -0.252178 0.127697
1.89 0.430047 -0.257984 0.125748
1.92 0.421996 -0.263383 0.123725
1.95 0.413806 -0.268382 0.121632
1.98 0.40549 -0.272991 0.119473
2.01 0.397058 -0.277215 0.117252
2.04 0.388521 -0.281064 0.114973
2.07 0.379892 -0.284543 0.112641
2.1 0.371179 -0.287663 0.110262
2.13 0.362393 -0.29043 0.107839
2.16 0.353545 -0.292852 0.105378
2.19 0.344644 -0.294938 0.102884
2.22 0.3357 -0.296696 0.100362
2.25 0.326722 -0.298135 0.0978159
2.28 0.31772 -0.299262 0.0952517
2.31 0.308701 -0.300086 0.0926739
2.34 0.299675 -0.300615 0.0900873
2.37 0.290651 -0.300857 0.0874965
2.4 0.281635 -0.300822 0.0849061
2.43 0.272637 -0.300517 0.0823205
2.46 0.263663 -0.29995 0.0797441
2.49 0.254721 -0.299131 0.077181
2.52 0.245818 -0.298067 0.0746351
2.55 0.236961 -0.296766 0.0721103
2.58 0.228156 -0.295238 0.0696103
2.61 0.21941 -0.29349 0.0671385
2.64 0.210729 -0.29153 0.0646982
2.67 0.202119 -0.289366 0.0622924
2.7 0.193585 -0.287007 0.0599241
2.73 0.185133 -0.28446 0.057596
2.76 0.176768 -0.281734 0.0553105
2.79 0.168495 -0.278836 0.05307
2.82 0.160318 -0.275774 0.0508766
2.85 0.152242 -0.272556 0.0487322
2.88 0.144272 -0.269188 0.0466384
2.91 0.136411 -0.26568 0.0445969
2.94 0.128663 -0.262038 0.042609
2.97 0.121031 -0.258269 0.0406758
3 0.11352 -0.254381 0.0387982
3.03 0.106132 -0.25038 0.0369771
3.06 0.0988697 -0.246275 0.0352132
3.09 0.0917364 -0.24207 0.0335068
3.12 0.0847346 -0.237774 0.0318583
3.15 0.0778666 -0.233393 0.0302678
3.18 0.0711346 -0.228933 0.0287353
3.21 0.0645405 -0.224401 0.0272607
3.24 0.0580861 -0.219803 0.0258438
3.27 0.0517731 -0.215145 0.024484
3.3 0.0456029 -0.210434 0.023181
3.33 0.0395768 -0.205674 0.021934
3.36 0.0336958 -0.200872 0.0207424
3.39 0.0279609 -0.196033 0.0196054
3.42 0.0223729 -0.191163 0.0185219
3.45 0.0169324 -0.186267 0.017491
3.48 0.0116399 -0.18135 0.0165116
3.51 0.00649564 -0.176417 0.0155826
3.54 0.0014999 -0.171474 0.0147028
3.57 -0.00334732 -0.166525 0.0138708
3.6 -0.00804611 -0.161574 0.0130854
3.63 -0.0125967 -0.156626 0.0123452
3.66 -0.0169994 -0.151686 0.0116488
3.69 -0.0212548 -0.146758 0.0109948
3.72 -0.0253633 -0.141845 0.0103816
3.75 -0.0293258 -0.136952 0.00980792
3.78 -0.033143 -0.132083 0.00927213
3.81 -0.0368159 -0.12724 0.00877275
3.84 -0.0403454 -0.122429 0.00830828
3.87 -0.0437328 -0.117651 0.00787721
3.9 -0.0469791 -0.112912 0.00747803
3.93 -0.0500858 -0.108212 0.00710923
3.96 -0.0530542 -0.103556 0.00676935
3.99 -0.0558859 -0.0989472 0.00645689
4.02 -0.0585822 -0.0943871 0.0061704
4.05 -0.061145 -0.089879 0.00590847
4.08 -0.0635758 -0.0854251 0.00566967
4.11 -0.0658765 -0.081028 0.00545263
4.14 -0.0680489 -0.0766899 0.005256
4.17 -0.0700949 -0.0724129 0.00507846
4.2 -0.0720164 -0.0681991 0.00491874
4.23 -0.0738154 -0.0640502 0.00477558
4.26 -0.0754941 -0.0599682 0.00464777
4.29 -0.0770544 -0.0559547 0.00453416
4.32 -0.0784986 -0.0520113 0.0044336
4.35 -0.0798288 -0.0481393 0.00434501
4.38 -0.0810472 -0.0443402 0.00426735
4.41 -0.0821562 -0.0406151 0.00419961
4.44 -0.0831579 -0.0369652 0.00414084
4.47 -0.0840548 -0.0333916 0.0040901
4.5 -0.0848491 -0.0298951 0.00404654
4.53 -0.0855432 -0.0264766 0.00400932
4.56 -0.0861395 -0.0231368 0.00397766
4.59 -0.0866404 -0.0198764 0.00395081
4.62 -0.0870483 -0.0166959 0.00392808
4.65 -0.0873655 -0.0135959 0.00390879
4.68 -0.0875947 -0.0105765 0.00389235
4.71 -0.0877381 -0.00763827 0.00387816
4.74 -0.0877983 -0.00478128 0.0038657
4.77 -0.0877777 -0.0020057 0.00385447
4.8 -0.0876786 0.000688423 0.00384401
4.83 -0.0875036 0.0033011 0.00383389
4.86 -0.0872552 0.00583243 0.00382374
4.89 -0.0869356 0.00828256 0.0038132
4.92 -0.0865474 0.0106517 0.00380196
4.95 -0.086093 0.0129403 0.00378972
4.98 -0.0855747 0.0151485 0.00377625
5.01 -0.0849949 0.0172768 0.00376131
5.04 -0.084356 0.0193257 0.00374471
5.07 -0.0836604 0.0212958 0.00372629
5.1 -0.0829103 0.0231876 0.00370589
5.13 -0.0821081 0.0250018 0.00368342
5.16 -0.0812561 0.0267391 0.00365877
5.19 -0.0803566 0.0284001 0.00363187
5.22 -0.0794117 0.0299858 0.00360268
5.25 -0.0784236 0.0314969 0.00357116
5.28 -0.0773947 0.0329344 0.0035373
5.31 -0.0763269 0.0342991 0.00350111
5.34 -0.0752225 0.0355919 0.0034626
5.37 -0.0740835 0.036814 0.00342182
5.4 -0.072912 0.0379662 0.0033788
5.43 -0.07171 0.0390497 0.00333361
5.46 -0.0704796 0.0400656 0.00328631
5.49 -0.0692226 0.0410149 0.003237
5.52 -0.0679411 0.0418989 0.00318575
5.55 -0.0666368 0.0427186 0.00313267
5.58 -0.0653117 0.0434753 0.00307786
5.61 -0.0639676 0.0441701 0.00302142
5.64 -0.0626062 0.0448044 0.00296348
5.67 -0.0612293 0.0453793 0.00290415
5.7 -0.0598386 0.0458961 0.00284356
5.73 -0.0584358 0.0463561 0.00278181
5.76 -0.0570225 0.0467605 0.00271906
5.79 -0.0556002 0.0471108 0.00265541
5.82 -0.0541706 0.0474082 0.00259099
5.85 -0.0527351 0.0476539 0.00252595
5.88 -0.0512953 0.0478494 0.00246039
5.91 -0.0498524 0.047996 0.00239444
5.94 -0.048408 0.048095 0.00232823
5.97 -0.0469633 0.0481477 0.00226188
6 -0.0455197 0.0481555 0.0021955
6.03 -0.0440785 0.0481197 0.00212921
6.06 -0.0426408 0.0480417 0.00206312
6.09 -0.0412079 0.0479228 0.00199734
6.12 -0.0397808 0.0477644 0.00193197
6.15 -0.0383608 0.0475677 0.00186712
6.18 -0.0369489 0.0473341 0.00180287
6.21 -0.035546 0.0470649 0.00173931
6.24 -0.0341533 0.0467614 0.00167654
6.27 -0.0327716 0.0464249 0.00161462
6.3 -0.0314018 0.0460568 0.00155365
6.33 -0.0300449 0.0456582 0.00149368
6.36 -0.0287017 0.0452305 0.00143479
6.39 -0.0273729 0.044775 0.00137704
6.42 -0.0260593 0.0442928 0.00132047
6.45 -0.0247617 0.0437852 0.00126514
6.48 -0.0234808 0.0432534 0.0012111
6.51 -0.0222171 0.0426986 0.00115839
6.54 -0.0209713 0.0421221 0.00110703
6.57 -0.0197441 0.041525 0.00105708
6.6 -0.0185359 0.0409083 0.00100854
6.63 -0.0173473 0.0402734 0.000961438
6.66 -0.0161787 0.0396213 0.000915798
6.69 -0.0150306 0.0389531 0.00087163
6.72 -0.0139034 0.0382698 0.000828942
6.75 -0.0127975 0.0375727 0.000787741
6.78 -0.0117133 0.0368626 0.000748026
6.81 -0.0106511 0.0361406 0.000709795
6.84 -0.0096111 0.0354078 0.000673043
6.87 -0.0085937 0.0346651 0.000637761
6.9 -0.00759908 0.0339135 0.000603935
6.93 -0.00662746 0.0331539 0.000571552
6.96 -0.00567903 0.0323873 0.000540593
6.99 -0.00475394 0.0316145 0.000511037
7.02 -0.00385232 0.0308364 0.000482862
7.05 -0.00297428 0.0300539 0.000456042
7.08 -0.00211991 0.0292679 0.000430551
7.11 -0.00128926 0.0284791 0.00040636
7.14 -0.000482372 0.0276883 0.000383437
7.17 0.000300745 0.0268963 0.000361751
7.2 0.0010601 0.0261039 0.000341269
7.23 0.00179572 0.0253118 0.000321955
7.26 0.00250765 0.0245206 0.000303774
7.29 0.00319597 0.0237311 0.00028669
7.32 0.00386076 0.022944 0.000270665
7.35 0.00450213 0.0221598 0.000255662
7.38 0.00512022 0.0213791 0.000241642
7.41 0.00571515 0.0206027 0.000228567
7.44 0.00628708 0.019831 0.000216398
7.47 0.00683621 0.0190646 0.000205097
7.5 0.0073627 0.0183041 0.000194624
7.53 0.00786678 0.0175499 0.000184942
7.56 0.00834865 0.0168025 0.000176012
7.59 0.00880855 0.0160624 0.000167796
7.62 0.00924673 0.0153301 0.000160257
7.65 0.00966344 0.0146059 0.000153358
7.68 0.010059 0.0138903 0.000147062
7.71 0.0104335 0.0131837 0.000141335
7.74 0.0107875 0.0124864 0.000136141
7.77 0.0111211 0.0117988 0.000131446
7.8 0.0114348 0.0111213 0.000127218
7.83 0.0117287 0.010454 0.000123424
7.86 0.0120032 0.00979732 0.000120033
7.89 0.0122587 0.00915154 0.000117014
7.92 0.0124956 0.0085169 0.000114338
7.95 0.012714 0.00789363 0.000111978
7.98 0.0129145 0.00728196 0.000109905
8.01 0.0130973 0.00668208 0.000108095
8.04 0.0132629 0.00609418 0.000106521
8.07 0.0134115 0.00551844 0.000105161
8.1 0.0135436 0.004955 0.000103991
8.13 0.0136596 0.004404 0.00010299
8.16 0.0137598 0.00386557 0.000102137
8.19 0.0138446 0.00333982 0.000101413
8.22 0.0139144 0.00282683 0.000100801
8.25 0.0139696 0.00232669 0.000100281
8.28 0.0140105 0.00183946 9.98392e-05
8.31 0.0140376 0.00136518 9.94596e-05
8.34 0.0140513 0.000903914 9.91282e-05
8.37 0.0140519 0.000455667 9.88322e-05
8.4 0.0140399 2.04574e-05 9.85593e-05
8.43 0.0140156 -0.000401714 9.82985e-05
8.46 0.0139793 -0.000810859 9.80397e-05
8.49 0.0139316 -0.001207 9.77737e-05
8.52 0.0138728 -0.00159017 9.74919e-05
8.55 0.0138033 -0.00196041 9.7187e-05
8.58 0.0137234 -0.00231779 9.68522e-05
8.61 0.0136336 -0.00266235 9.64815e-05
8.64 0.0135342 -0.00299418 9.60698e-05
8.67 0.0134256 -0.00331337 9.56125e-05
8.7 0.0133082 -0.00361999 9.51058e-05
8.73 0.0131823 -0.00391416 9.45467e-05
8.76 0.0130483 -0.00419598 9.39325e-05
8.79 0.0129066 -0.00446557 9.32612e-05
8.82 0.0127576 -0.00472305 9.25314e-05
8.85 0.0126015 -0.00496856 9.17423e-05
8.88 0.0124388 -0.00520223 9.08932e-05
8.91 0.0122697 -0.00542421 8.99843e-05
8.94 0.0120947 -0.00563464 8.90159e-05
8.97 0.0119141 -0.0058337 8.79887e-05
9 0.0117281 -0.00602153 8.6904e-05
9.03 0.0115372 -0.0061983 8.57631e-05
9.06 0.0113416 -0.0063642 8.45678e-05
9.09 0.0111417 -0.00651939 8.332e-05
9.12 0.0109378 -0.00666406 8.20221e-05
9.15 0.0107301 -0.00679839 8.06763e-05
9.18 0.010519 -0.00692257 7.92854e-05
9.21 0.0103047 -0.00703679 7.7852e-05
9.24 0.0100877 -0.00714126 7.63791e-05
9.27 0.009868 -0.00723616 7.48697e-05
9.3 0.00964606 -0.00732171 7.33269e-05
9.33 0.00942209 -0.0073981 7.17538e-05
9.36 0.00919636 -0.00746553 7.01537e-05
9.39 0.00896913 -0.00752423 6.85297e-05
9.42 0.00874064 -0.0075744 6.68852e-05
9.45 0.00851115 -0.00761624 6.52233e-05
9.48 0.00828087 -0.00764997 6.35474e-05
9.51 0.00805005 -0.00767581 6.18607e-05
9.54 0.00781891 -0.00769396 6.01662e-05
9.57 0.00758767 -0.00770464 5.84671e-05
9.6 0.00735654 -0.00770807 5.67665e-05
9.63 0.00712572 -0.00770446 5.50672e-05
9.66 0.00689541 -0.00769402 5.33723e-05
9.69 0.0066658 -0.00767697 5.16844e-05
9.72 0.00643709 -0.00765352 5.00062e-05
9.75 0.00620944 -0.00762389 4.83404e-05
9.78 0.00598303 -0.00758829 4.66894e-05
9.81 0.00575803 -0.00754692 4.50555e-05
9.84 0.0055346 -0.0075 4.34409e-05
9.87 0.00531289 -0.00744775 4.18478e-05
9.9 0.00509305 -0.00739035 4.02782e-05
9.93 0.00487522 -0.00732803 3.87339e-05
9.96 0.00465953 -0.00726098 3.72165e-05
9.99 0.00444613 -0.0071894 3.57278e-05
10.02 0.00423512 -0.00711351 3.42691e-05
10.05 0.00402664 -0.00703349 3.28419e-05
10.08 0.00382078 -0.00694954 3.14472e-05
10.11 0.00361766 -0.00686185 3.00862e-05
10.14 0.00341738 -0.00677062 2.87599e-05
10.17 0.00322004 -0.00667603 2.7469e-05
10.2 0.00302571 -0.00657827 2.62143e-05
10.23 0.00283449 -0.00647752 2.49963e-05
10.26 0.00264646 -0.00637397 2.38156e-05
10.29 0.00246168 -0.00626778 2.26725e-05
10.32 0.00228024 -0.00615914 2.15673e-05
10.35 0.00210218 -0.00604822 2.05001e-05
10.38 0.00192757 -0.00593518 1.9471e-05
10.41 0.00175647 -0.00582019 1.84799e-05
10.44 0.00158892 -0.00570341 1.75268e-05
10.47 0.00142497 -0.005585 1.66114e-05
10.5 0.00126465 -0.00546512 1.57334e-05
10.53 0.00110801 -0.00534392 1.48926e-05
10.56 0.000955061 -0.00522154 1.40883e-05
10.59 0.000805846 -0.00509813 1.33202e-05
10.62 0.000660382 -0.00497384 1.25876e-05
10.65 0.000518687 -0.0048488 1.189e-05
10.68 0.000380777 -0.00472315 1.12266e-05
10.71 0.000246661 -0.00459701 1.05967e-05
10.74 0.000116347 -0.00447053 9.99958e-06
10.77 -1.01628e-05 -0.00434381 9.4344e-06
10.8 -0.000132868 -0.00421699 8.90032e-06
10.83 -0.000251772 -0.00409017 8.39645e-06
10.86 -0.000366883 -0.00396348 7.9219e-06
10.89 -0.00047821 -0.00383702 7.47572e-06
10.92 -0.000585767 -0.00371091 7.05698e-06
10.95 -0.00068957 -0.00358523 6.6647e-06
10.98 -0.000789639 -0.0034601 6.29792e-06
11.01 -0.000885995 -0.00333561 5.95565e-06
11.04 -0.000978662 -0.00321186 5.6369e-06
11.07 -0.00106767 -0.00308892 5.34067e-06
11.1 -0.00115304 -0.00296689 5.06598e-06
11.13 -0.00123482 -0.00284586 4.81184e-06
11.16 -0.00131303 -0.00272589 4.57726e-06
11.19 -0.00138772 -0.00260707 4.36128e-06
11.22 -0.00145891 -0.00248946 4.16293e-06
11.25 -0.00152666 -0.00237315 3.98126e-06
11.28 -0.001591 -0.00225819 3.81534e-06
11.31 -0.00165197 -0.00214464 3.66425e-06
11.34 -0.00170963 -0.00203257 3.5271e-06
11.37 -0.00176403 -0.00192204 3.40301e-06
11.4 -0.0018152 -0.00181309 3.29112e-06
11.43 -0.0018632 -0.00170577 3.1906e-06
11.46 -0.00190809 -0.00160014 3.10064e-06
11.49 -0.00194992 -0.00149624 3.02046e-06
11.52 -0.00198873 -0.00139411 2.9493e-06
11.55 -0.00202459 -0.00129379 2.88643e-06
11.58 -0.00205755 -0.00119532 2.83115e-06
11.61 -0.00208767 -0.00109872 2.78278e-06
11.64 -0.00211501 -0.00100403 2.74067e-06
11.67 -0.00213962 -0.00091128 2.70421e-06
11.7 -0.00216158 -0.000820492 2.67281e-06
11.73 -0.00218092 -0.000731688 2.64589e-06
11.76 -0.00219773 -0.00064489 2.62294e-06
11.79 -0.00221205 -0.000560116 2.60344e-06
11.82 -0.00222395 -0.000477381 2.58692e-06
11.85 -0.00223349 -0.000396698 2.57292e-06
11.88 -0.00224074 -0.000318078 2.56104e-06
11.91 -0.00224575 -0.000241531 2.55086e-06
11.94 -0.00224859 -0.000167063 2.54203e-06
11.97 -0.00224932 -9.4679e-05 2.5342e-06
12 -0.002248 -2.43809e-05 2.52706e-06
12.03 -0.00224471 4.38301e-05 2.52031e-06
12.06 -0.00223949 0.000109955 2.51369e-06
12.09 -0.00223241 0.000173998 2.50696e-06
12.12 -0.00222353 0.000235962 2.49989e-06
12.15 -0.00221292 0.000295856 2.49228e-06
12.18 -0.00220064 0.000353686 2.48395e-06
12.21 -0.00218674 0.000409463 2.47475e-06
12.24 -0.00217129 0.000463198 2.46454e-06
12.27 -0.00215436 0.000514905 2.45319e-06
12.3 -0.00213599 0.000564596 2.44061e-06
12.33 -0.00211625 0.000612289 2.4267e-06
12.36 -0.0020952 0.000658 2.4114e-06
12.39 -0.00207289 0.000701748 2.39466e-06
12.42 -0.00204939 0.000743551 2.37642e-06
12.45 -0.00202474 0.000783431 2.35667e-06
12.48 -0.00199902 0.00082141 2.33539e-06
12.51 -0.00197227 0.00085751 2.31258e-06
12.54 -0.00194454 0.000891755 2.28823e-06
12.57 -0.0019159 0.00092417 2.26238e-06
12.6 -0.00188639 0.000954781 2.23503e-06
12.63 -0.00185607 0.000983615 2.20624e-06
12.66 -0.00182499 0.0010107 2.17604e-06
12.69 -0.00179319 0.00103606 2.14448e-06
12.72 -0.00176074 0.00105973 2.11162e-06
12.75 -0.00172768 0.00108173 2.07751e-06
12.78 -0.00169405 0.0011021 2.04222e-06
12.81 -0.00165991 0.00112087 2.00583e-06
12.84 -0.0016253 0.00113806 1.96839e-06
12.87 -0.00159026 0.00115372 1.93e-06
12.9 -0.00155485 0.00116787 1.89073e-06
12.93 -0.00151909 0.00118054 1.85066e-06
12.96 -0.00148305 0.00119177 1.80987e-06
12.99 -0.00144675 0.00120159 1.76844e-06
13.02 -0.00141023 0.00121003 1.72646e-06
13.05 -0.00137354 0.00121713 1.68402e-06
13.08 -0.00133672 0.00122293 1.64118e-06
13.11 -0.0012998 0.00122744 1.59805e-06
13.14 -0.00126281 0.00123072 1.55469e-06
13.17 -0.0012258 0.0012328 1.51119e-06
13.2 -0.0011888 0.0012337 1.46763e-06
13.23 -0.00115184 0.00123346 1.42407e-06
13.26 -0.00111495 0.00123212 1.38061e-06
13.29 -0.00107816 0.00122971 1.33731e-06
13.32 -0.0010415 0.00122627 1.29423e-06
13.35 -0.00100501 0.00122182 1.25145e-06
13.38 -0.000968708 0.00121641 1.20903e-06
13.41 -0.000932623 0.00121007 1.16703e-06
13.44 -0.000896781 0.00120283 1.12551e-06
13.47 -0.000861208 0.00119473 1.08452e-06
13.5 -0.000825926 0.00118579 1.04412e-06
13.53 -0.00079096 0.00117605 1.00436e-06
13.56 -0.000756331 0.00116555 9.65267e-07
13.59 -0.000722059 0.00115431 9.26899e-07
13.62 -0.000688167 0.00114237 8.8929e-07
13.65 -0.000654671 0.00112976 8.52476e-07
13.68 -0.000621592 0.00111651 8.16488e-07
13.71 -0.000588945 0.00110266 7.81354e-07
13.74 -0.000556747 0.00108822 7.471e-07
13.77 -0.000525015 0.00107325 7.13749e-07
13.8 -0.000493762 0.00105775 6.81319e-07
13.83 -0.000463002 0.00104177 6.49827e-07
13.86 -0.000432748 0.00102533 6.19285e-07
13.89 -0.000403013 0.00100846 5.89705e-07
13.92 -0.000373806 0.000991188 5.61092e-07
13.95 -0.00034514 0.000973543 5.33453e-07
13.98 -0.000317023 0.000955551 5.0679e-07
14.01 -0.000289464 0.000937238 4.81102e-07
14.04 -0.000262471 0.000918632 4.56388e-07
14.07 -0.000236052 0.000899757 4.32641e-07
14.1 -0.000210213 0.000880638 4.09857e-07
14.13 -0.00018496 0.000861301 3.88024e-07
14.16 -0.000160298 0.000841768 3.67134e-07
14.19 -0.000136231 0.000822064 3.47174e-07
14.22 -0.000112765 0.000802211 3.28129e-07
14.25 -8.99001e-05 0.000782231 3.09984e-07
14.28 -6.76407e-05 0.000762147 2.92722e-07
14.31 -4.59882e-05 0.00074198 2.76325e-07
14.34 -2.49439e-05 0.00072175 2.60772e-07
14.37 -4.50851e-06 0.000701477 2.46045e-07
14.4 1.53179e-05 0.000681181 2.32121e-07
14.43 3.45358e-05 0.000660881 2.18978e-07
14.46 5.3146e-05 0.000640595 2.06593e-07
14.49 7.11501e-05 0.000620341 1.94943e-07
14.52 8.855e-05 0.000600136 1.84002e-07
14.55 0.000105348 0.000579998 1.73748e-07
14.58 0.000121548 0.000559941 1.64154e-07
14.61 0.000137152 0.000539983 1.55196e-07
14.64 0.000152164 0.000520137 1.46848e-07
14.67 0.00016659 0.000500418 1.39085e-07
14.7 0.000180432 0.000480841 1.31882e-07
14.73 0.000193697 0.000461418 1.25212e-07
14.76 0.00020639 0.000442162 1.19052e-07
14.79 0.000218516 0.000423086 1.13376e-07
14.82 0.000230081 0.000404202 1.08158e-07
14.85 0.000241093 0.000385521 1.03376e-07
14.88 0.000251557 0.000367053 9.90042e-08
14.91 0.000261481 0.000348808 9.50197e-08
14.94 0.000270872 0.000330797 9.13992e-08
14.97 0.000279737 0.000313029 8.812e-08
15 0.000288085 0.000295512 8.51601e-08
15.03 0.000295923 0.000278254 8.24979e-08
15.06 0.000303259 0.000261264 8.01126e-08
15.09 0.000310103 0.000244549 7.79838e-08
15.12 0.000316462 0.000228114 7.60921e-08
15.15 0.000322345 0.000211968 7.44184e-08
15.18 0.000327762 0.000196115 7.29445e-08
15.21 0.000332721 0.000180561 7.16529e-08
15.24 0.000337232 0.000165311 7.05268e-08
15.27 0.000341305 0.00015037 6.95501e-08
15.3 0.000344948 0.000135742 6.87074e-08
15.33 0.000348171 0.000121431 6.79842e-08
15.36 0.000350984 0.00010744 6.73665e-08
15.39 0.000353397 9.37713e-05 6.68412e-08
15.42 0.000355419 8.04286e-05 6.63958e-08
15.45 0.000357061 6.74139e-05 6.60186e-08
15.48 0.000358332 5.47289e-05 6.56987e-08
15.51 0.000359243 4.23752e-05 6.54256e-08
15.54 0.000359803 3.0354e-05 6.51898e-08
15.57 0.000360022 1.86661e-05 6.49822e-08
15.6 0.000359911 7.31198e-06 6.47947e-08
15.63 0.000359479 -3.70805e-06 6.46195e-08
15.66 0.000358737 -1.43941e-05 6.44497e-08
15.69 0.000357694 -2.47467e-05 6.42786e-08
15.72 0.00035636 -3.47664e-05 6.41007e-08
15.75 0.000354746 -4.44542e-05 6.39104e-08
15.78 0.000352861 -5.38114e-05 6.37032e-08
15.81 0.000350714 -6.28394e-05 6.34747e-08
15.84 0.000348317 -7.15401e-05 6.32214e-08
15.87 0.000345678 -7.99153e-05 6.29399e-08
15.9 0.000342807 -8.79674e-05 6.26275e-08
15.93 0.000339714 -9.56987e-05 6.22818e-08
15.96 0.000336407 -0.000103112 6.1901e-08
15.99 0.000332898 -0.00011021 6.14835e-08
16.02 0.000329193 -0.000116996 6.10281e-08
16.05 0.000325304 -0.000123473 6.05341e-08
16.08 0.000321239 -0.000129645 6.0001e-08
16.11 0.000317006 -0.000135514 5.94285e-08
16.14 0.000312615 -0.000141086 5.88167e-08
16.17 0.000308075 -0.000146364 5.81661e-08
16.2 0.000303393 -0.000151351 5.74772e-08
16.23 0.000298579 -0.000156053 5.67509e-08
16.26 0.00029364 -0.000160473 5.59881e-08
16.29 0.000288586 -0.000164616 5.51901e-08
16.32 0.000283423 -0.000168487 5.43582e-08
16.35 0.00027816 -0.00017209 5.3494e-08
16.38 0.000272805 -0.00017543 5.2599e-08
16.41 0.000267364 -0.000178512 5.16751e-08
16.44 0.000261847 -0.000181341 5.07241e-08
16.47 0.000256259 -0.000183921 4.97479e-08
16.5 0.000250608 -0.000186259 4.87485e-08
16.53 0.000244901 -0.000188359 4.77279e-08
16.56 0.000239145 -0.000190227 4.66884e-08
16.59 0.000233347 -0.000191867 4.56318e-08
16.62 0.000227512 -0.000193285 4.45605e-08
16.65 0.000221648 -0.000194487 4.34765e-08
16.68 0.00021576 -0.000195478 4.2382e-08
16.71 0.000209855 -0.000196263 4.12791e-08
16.74 0.000203938 -0.000196848 4.01698e-08
16.77 0.000198014 -0.000197238 3.90563e-08
16.8 0.000192091 -0.000197439 3.79405e-08
16.83 0.000186172 -0.000197456 3.68245e-08
16.86 0.000180263 -0.000197295 3.57101e-08
16.89 0.000174369 -0.000196962 3.45992e-08
16.92 0.000168495 -0.000196461 3.34937e-08
16.95 0.000162646 -0.000195798 3.23952e-08
16.98 0.000156826 -0.000194979 3.13055e-08
17.01 0.000151039 -0.000194009 3.02261e-08
17.04 0.00014529 -0.000192893 2.91585e-08
17.07 0.000139582 -0.000191638 2.81041e-08
17.1 0.00013392 -0.000190247 2.70643e-08
17.13 0.000128308 -0.000188727 2.60405e-08
17.16 0.000122748 -0.000187083 2.50336e-08
17.19 0.000117245 -0.00018532 2.40449e-08
17.22 0.000111801 -0.000183443 2.30754e-08
17.25 0.00010642 -0.000181457 2.21259e-08
17.28 0.000101105 -0.000179367 2.11974e-08
17.31 9.58581e-05 -0.000177179 2.02905e-08
17.34 9.06823e-05 -0.000174896 1.9406e-08
17.37 8.55802e-05 -0.000172525 1.85445e-08
17.4 8.05541e-05 -0.00017007 1.77064e-08
17.43 7.56064e-05 -0.000167535 1.68922e-08
17.46 7.0739e-05 -0.000164926 1.61023e-08
17.49 6.59539e-05 -0.000162246 1.53369e-08
17.52 6.12531e-05 -0.000159501 1.45963e-08
17.55 5.66382e-05 -0.000156695 1.38806e-08
17.58 5.21107e-05 -0.000153831 1.31898e-08
17.61 4.76721e-05 -0.000150916 1.25241e-08
17.64 4.33239e-05 -0.000147951 1.18833e-08
17.67 3.9067e-05 -0.000144943 1.12674e-08
17.7 3.49027e-05 -0.000141895 1.06761e-08
17.73 3.08319e-05 -0.00013881 1.01094e-08
17.76 2.68555e-05 -0.000135693 9.56684e-09
17.79 2.29743e-05 -0.000132547 9.04822e-09
17.82 1.91888e-05 -0.000129376 8.55317e-09
17.85 1.54995e-05 -0.000126184 8.08131e-09
17.88 1.1907e-05 -0.000122974 7.6322e-09
17.91 8.4116e-06 -0.00011975 7.20539e-09
17.94 5.01346e-06 -0.000116515 6.80038e-09
17.97 1.71275e-06 -0.000113271 6.41668e-09
18 -1.49048e-06 -0.000110024 6.05372e-09
18.03 -4.59628e-06 -0.000106774 5.71095e-09
18.06 -7.60476e-06 -0.000103526 5.38778e-09
18.09 -1.05161e-05 -0.000100283 5.08361e-09
18.12 -1.33307e-05 -9.70461e-05 4.79783e-09
18.15 -1.60489e-05 -9.38193e-05 4.52981e-09
18.18 -1.8671e-05 -9.06048e-05 4.27891e-09
18.21 -2.11977e-05 -8.74051e-05 4.0445e-09
18.24 -2.36295e-05 -8.42229e-05 3.82592e-09
18.27 -2.59671e-05 -8.10602e-05 3.62253e-09
18.3 -2.82112e-05 -7.79196e-05 3.43366e-09
18.33 -3.03626e-05 -7.4803e-05 3.25868e-09
18.36 -3.24221e-05 -7.17125e-05 3.09694e-09
18.39 -3.43906e-05 -6.86503e-05 2.94779e-09
18.42 -3.62691e-05 -6.56181e-05 2.81059e-09
18.45 -3.80587e-05 -6.26178e-05 2.68473e-09
18.48 -3.97603e-05 -5.96512e-05 2.56957e-09
18.51 -4.1375e-05 -5.67199e-05 2.46452e-09
18.54 -4.29041e-05 -5.38255e-05 2.36898e-09
18.57 -4.43487e-05 -5.09695e-05 2.28235e-09
18.6 -4.57101e-05 -4.81533e-05 2.20408e-09
18.63 -4.69894e-05 -4.53782e-05 2.1336e-09
18.66 -4.81881e-05 -4.26456e-05 2.07037e-09
18.69 -4.93075e-05 -3.99565e-05 2.01388e-09
18.72 -5.03489e-05 -3.73122e-05 1.96361e-09
18.75 -5.13138e-05 -3.47136e-05 1.91907e-09
18.78 -5.22035e-05 -3.21617e-05 1.87979e-09
18.81 -5.30195e-05 -2.96575e-05 1.84532e-09
18.84 -5.37634e-05 -2.72016e-05 1.81522e-09
18.87 -5.44365e-05 -2.4795e-05 1.78906e-09
18.9 -5.50405e-05 -2.24383e-05 1.76647e-09
18.93 -5.55768e-05 -2.0132e-05 1.74704e-09
18.96 -5.6047e-05 -1.78768e-05 1.73042e-09
18.99 -5.64527e-05 -1.56732e-05 1.71628e-09
19.02 -5.67953e-05 -1.35216e-05 1.70427e-09
19.05 -5.70766e-05 -1.14224e-05 1.6941e-09
19.08 -5.72981e-05 -9.37586e-06 1.68549e-09
19.11 -5.74613e-05 -7.38228e-06 1.67815e-09
19.14 -5.7568e-05 -5.44187e-06 1.67184e-09
19.17 -5.76196e-05 -3.55478e-06 1.66633e-09
19.2 -5.76178e-05 -1.72109e-06 1.66139e-09
19.23 -5.75642e-05 5.91263e-08 1.65682e-09
19.26 -5.74605e-05 1.78589e-06 1.65245e-09
19.29 -5.73081e-05 3.45924e-06 1.64809e-09
19.32 -5.71087e-05 5.07928e-06 1.6436e-09
19.35 -5.68639e-05 6.64614e-06 1.63884e-09
19.38 -5.65753e-05 8.16002e-06 1.63367e-09
19.41 -5.62444e-05 9.62113e-06 1.628e-09
19.44 -5.58728e-05 1.10298e-05 1.62171e-09
19.47 -5.54621e-05 1.23862e-05 1.61473e-09
19.5 -5.50138e-05 1.36908e-05 1.60698e-09
19.53 -5.45294e-05 1.49439e-05 1.59839e-09
19.56 -5.40104e-05 1.6146e-05 1.58891e-09
19.59 -5.34585e-05 1.72975e-05 1.57851e-09
19.62 -5.2875e-05 1.83989e-05 1.56714e-09
19.65 -5.22614e-05 1.94507e-05 1.55479e-09
19.68 -5.16191e-05 2.04534e-05 1.54144e-09
19.71 -5.09497e-05 2.14077e-05 1.52708e-09
19.74 -5.02545e-05 2.2314e-05 1.51172e-09
19.77 -4.95349e-05 2.31731e-05 1.49535e-09
19.8 -4.87924e-05 2.39855e-05 1.478e-09
19.83 -4.80282e-05 2.4752e-05 1.45968e-09
19.86 -4.72437e-05 2.54732e-05 1.44043e-09
19.89 -4.64402e-05 2.61499e-05 1.42025e-09
19.92 -4.5619e-05 2.67827e-05 1.3992e-09
19.95 -4.47814e-05 2.73724e-05 1.37731e-09
19.98 -4.39287e-05 2.79198e-05 1.35462e-09
20.01 -4.3062e-05 2.84257e-05 1.33118e-09
20.04 -4.21825e-05 2.88907e-05 1.30702e-09
20.07 -4.12914e-05 2.93159e-05 1.2822e-09
20.1 -4.03899e-05 2.97019e-05 1.25677e-09
20.13 -3.94791e-05 3.00496e-05 1.23079e-09
20.16 -3.85601e-05 3.03598e-05 1.2043e-09
20.19 -3.7634e-05 3.06334e-05 1.17736e-09
20.22 -3.67018e-05 3.08712e-05 1.15002e-09
20.25 -3.57645e-05 3.1074e-05 1.12235e-09
20.28 -3.48231e-05 3.12429e-05 1.09438e-09
20.31 -3.38787e-05 3.13785e-05 1.06619e-09
20.34 -3.29321e-05 3.14819e-05 1.03781e-09
20.37 -3.19842e-05 3.15538e-05 1.00932e-09
20.4 -3.1036e-05 3.15951e-05 9.80743e-10
20.43 -3.00883e-05 3.16068e-05 9.52148e-10
20.46 -2.9142e-05 3.15897e-05 9.23581e-10
20.49 -2.81978e-05 3.15446e-05 8.9509e-10
20.52 -2.72566e-05 3.14726e-05 8.66721e-10
20.55 -2.63191e-05 3.13743e-05 8.3852e-10
20.58 -2.5386e-05 3.12508e-05 8.10529e-10
20.61 -2.4458e-05 3.11028e-05 7.82791e-10
20.64 -2.35359e-05 3.09313e-05 7.55343e-10
20.67 -2.26203e-05 3.07371e-05 7.28224e-10
20.7 -2.17118e-05 3.05211e-05 7.01469e-10
20.73 -2.0811e-05 3.02841e-05 6.7511e-10
20.76 -1.99184e-05 3.00269e-05 6.49179e-10
20.79 -1.90348e-05 2.97504e-05 6.23705e-10
20.82 -1.81605e-05 2.94555e-05 5.98714e-10
20.85 -1.72961e-05 2.91428e-05 5.7423e-10
20.88 -1.64421e-05 2.88134e-05 5.50276e-10
20.91 -1.55988e-05 2.84678e-05 5.26871e-10
20.94 -1.47669e-05 2.81071e-05 5.04034e-10
20.97 -1.39466e-05 2.77318e-05 4.81781e-10
21 -1.31384e-05 2.73429e-05 4.60125e-10
21.03 -1.23426e-05 2.6941e-05 4.39078e-10
21.06 -1.15595e-05 2.65269e-05 4.1865e-10
21.09 -1.07896e-05 2.61014e-05 3.98849e-10
21.12 -1.0033e-05 2.56651e-05 3.7968e-10
21.15 -9.29011e-06 2.52189e-05 3.61149e-10
21.18 -8.56114e-06 2.47633e-05 3.43257e-10
21.21 -7.84633e-06 2.42991e-05 3.26005e-10
21.24 -7.1459e-06 2.3827e-05 3.09394e-10
21.27 -6.46006e-06 2.33475e-05 2.9342e-10
21.3 -5.78898e-06 2.28615e-05 2.7808e-10
21.33 -5.13282e-06 2.23694e-05 2.63369e-10
21.36 -4.49172e-06 2.1872e-05 2.49281e-10
21.39 -3.86581e-06 2.13699e-05 2.35808e-10
21.42 -3.25521e-06 2.08635e-05 2.22941e-10
21.45 -2.65999e-06 2.03536e-05 2.10672e-10
21.48 -2.08023e-06 1.98406e-05 1.98989e-10
21.51 -1.516e-06 1.93252e-05 1.87881e-10
21.54 -9.67324e-07 1.88079e-05 1.77336e-10
21.57 -4.3424e-07 1.82891e-05 1.6734e-10
21.6 8.32415e-08 1.77694e-05 1.5788e-10
21.63 5.85124e-07 1.72494e-05 1.48942e-10
21.66 1.07142e-06 1.67294e-05 1.40511e-10
21.69 1.54217e-06 1.621e-05 1.32571e-10
21.72 1.9974e-06 1.56915e-05 1.25107e-10
21.75 2.43719e-06 1.51745e-05 1.18103e-10
21.78 2.86158e-06 1.46594e-05 1.11543e-10
21.81 3.27067e-06 1.41465e-05 1.0541e-10
21.84 3.66454e-06 1.36362e-05 9.96878e-11
21.87 4.04329e-06 1.3129e-05 9.43597e-11
21.9 4.40705e-06 1.26252e-05 8.9409e-11
21.93 4.75592e-06 1.21252e-05 8.48191e-11
21.96 5.09005e-06 1.16292e-05 8.05734e-11
21.99 5.40958e-06 1.11376e-05 7.66553e-11
22.02 5.71465e-06 1.06508e-05 7.30485e-11
22.05 6.00542e-06 1.0169e-05 6.97368e-11
22.08 6.28207e-06 9.69249e-06 6.67043e-11
22.11 6.54476e-06 9.22155e-06 6.39354e-11
22.14 6.79368e-06 8.75644e-06 6.14147e-11
22.17 7.02902e-06 8.29741e-06 5.91271e-11
22.2 7.25098e-06 7.84467e-06 5.70578e-11
22.23 7.45975e-06 7.39846e-06 5.51925e-11
22.26 7.65554e-06 6.95898e-06 5.35173e-11
22.29 7.83857e-06 6.52642e-06 5.20186e-11
22.32 8.00905e-06 6.10096e-06 5.06833e-11
22.35 8.16721e-06 5.68277e-06 4.94986e-11
22.38 8.31328e-06 5.27202e-06 4.84524e-11
22.41 8.44748e-06 4.86884e-06 4.75328e-11
22.44 8.57005e-06 4.47338e-06 4.67284e-11
22.47 8.68123e-06 4.08575e-06 4.60286e-11
22.5 8.78127e-06 3.70608e-06 4.54228e-11
22.53 8.8704e-06 3.33446e-06 4.49013e-11
22.56 8.94887e-06 2.97099e-06 4.44545e-11
22.59 9.01693e-06 2.61574e-06 4.40736e-11
22.62 9.07484e-06 2.26881e-06 4.37501e-11
22.65 9.12284e-06 1.93023e-06 4.3476e-11
22.68 9.16119e-06 1.60008e-06 4.32439e-11
22.71 9.19015e-06 1.27839e-06 4.30466e-11
22.74 9.20997e-06 9.65206e-07 4.28776e-11
22.77 9.2209e-06 6.60546e-07 4.27307e-11
22.8 9.22321e-06 3.6443e-07 4.26002e-11
22.83 9.21714e-06 7.68704e-08 4.24808e-11
22.86 9.20296e-06 -2.02132e-07 4.23677e-11
22.89 9.18093e-06 -4.72582e-07 4.22564e-11
22.92 9.15129e-06 -7.34494e-07 4.21428e-11
22.95 9.11431e-06 -9.87887e-07 4.20233e-11
22.98 9.07023e-06 -1.23279e-06 4.18944e-11
23.01 9.01931e-06 -1.46923e-06 4.17533e-11
23.04 8.96181e-06 -1.69726e-06 4.15973e-11
23.07 8.89796e-06 -1.91693e-06 4.14241e-11
23.1 8.82802e-06 -2.12827e-06 4.12317e-11
23.13 8.75223e-06 -2.33136e-06 4.10184e-11
23.16 8.67084e-06 -2.52626e-06 4.07827e-11
23.19 8.58409e-06 -2.71304e-06 4.05236e-11
23.22 8.49221e-06 -2.89178e-06 4.024e-11
23.25 8.39545e-06 -3.06254e-06 3.99313e-11
23.28 8.29403e-06 -3.22543e-06 3.95972e-11
23.31 8.18819e-06 -3.38054e-06 3.92373e-11
23.34 8.07816e-06 -3.52794e-06 3.88515e-11
23.37 7.96416e-06 -3.66775e-06 3.84401e-11
23.4 7.84641e-06 -3.80006e-06 3.80033e-11
23.43 7.72513e-06 -3.92498e-06 3.75416e-11
23.46 7.60054e-06 -4.04263e-06 3.70555e-11
23.49 7.47284e-06 -4.1531e-06 3.65458e-11
23.52 7.34225e-06 -4.25652e-06 3.60133e-11
23.55 7.20897e-06 -4.35301e-06 3.5459e-11
23.58 7.0732e-06 -4.44269e-06 3.48838e-11
23.61 6.93514e-06 -4.52568e-06 3.42889e-11
23.64 6.79497e-06 -4.6021e-06 3.36755e-11
23.67 6.6529e-06 -4.6721e-06 3.30448e-11
23.7 6.5091e-06 -4.73578e-06 3.2398e-11
23.73 6.36376e-06 -4.7933e-06 3.17365e-11
23.76 6.21705e-06 -4.84477e-06 3.10617e-11
23.79 6.06914e-06 -4.89034e-06 3.0375e-11
23.82 5.92021e-06 -4.93014e-06 2.96776e-11
23.85 5.77042e-06 -4.96431e-06 2.89711e-11
23.88 5.61994e-06 -4.99299e-06 2.82568e-11
23.91 5.4689e-06 -5.01631e-06 2.75361e-11
23.94 5.31748e-06 -5.03442e-06 2.68105e-11
23.97 5.16581e-06 -5.04745e-06 2.60812e-11
24 5.01405e-06 -5.05555e-06 2.53496e-11
24.03 4.86232e-06 -5.05886e-06 2.46171e-11
24.06 4.71077e-06 -5.05752e-06 2.38849e-11
24.09 4.55953e-06 -5.05166e-06 2.31543e-11
24.12 4.40872e-06 -5.04144e-06 2.24264e-11
24.15 4.25847e-06 -5.02698e-06 2.17025e-11
24.18 4.10889e-06 -5.00843e-06 2.09837e-11
24.21 3.9601e-06 -4.98593e-06 2.02709e-11
24.24 3.81221e-06 -4.95962e-06 1.95654e-11
24.27 3.66533e-06 -4.92963e-06 1.8868e-11
24.3 3.51955e-06 -4.89611e-06 1.81796e-11
24.33 3.37498e-06 -4.85919e-06 1.75011e-11
24.36 3.23171e-06 -4.819e-06 1.68334e-11
24.39 3.08983e-06 -4.77568e-06 1.61771e-11
24.42 2.94942e-06 -4.72936e-06 1.5533e-11
24.45 2.81058e-06 -4.68017e-06 1.49017e-11
24.48 2.67337e-06 -4.62825e-06 1.42838e-11
24.51 2.53786e-06 -4.57372e-06 1.36798e-11
24.54 2.40414e-06 -4.51671e-06 1.30903e-11
24.57 2.27227e-06 -4.45734e-06 1.25156e-11
24.6 2.14231e-06 -4.39575e-06 1.19561e-11
24.63 2.01432e-06 -4.33204e-06 1.1412e-11
24.66 1.88836e-06 -4.26635e-06 1.08838e-11
24.69 1.76447e-06 -4.19879e-06 1.03716e-11
24.72 1.64272e-06 -4.12948e-06 9.87555e-12
24.75 1.52313e-06 -4.05853e-06 9.39579e-12
24.78 1.40577e-06 -3.98605e-06 8.93241e-12
24.81 1.29066e-06 -3.91217e-06 8.48542e-12
24.84 1.17784e-06 -3.83697e-06 8.05484e-12
24.87 1.06735e-06 -3.76058e-06 7.64062e-12
24.9 9.5921e-07 -3.6831e-06 7.24266e-12
24.93 8.53452e-07 -3.60463e-06 6.86087e-12
24.96 7.50099e-07 -3.52527e-06 6.49508e-12
24.99 6.49171e-07 -3.44511e-06 6.14511e-12
25.02 5.50687e-07 -3.36426e-06 5.81076e-12
25.05 4.54661e-07 -3.28281e-06 5.49178e-12
25.08 3.61108e-07 -3.20085e-06 5.18791e-12
25.11 2.70035e-07 -3.11846e-06 4.89886e-12
25.14 1.81452e-07 -3.03574e-06 4.62432e-12
25.17 9.53634e-08 -2.95277e-06 4.36397e-12
25.2 1.17714e-08 -2.86963e-06 4.11746e-12
25.23 -6.93235e-08 -2.7864e-06 3.88442e-12
25.26 -1.47923e-07 -2.70316e-06 3.66448e-12
25.29 -2.24032e-07 -2.61999e-06 3.45726e-12
25.32 -2.97655e-07 -2.53695e-06 3.26236e-12
25.35 -3.68802e-07 -2.45412e-06 3.07936e-12
25.38 -4.37483e-07 -2.37157e-06 2.90786e-12
25.41 -5.0371e-07 -2.28936e-06 2.74744e-12
25.44 -5.67496e-07 -2.20755e-06 2.59767e-12
25.47 -6.28858e-07 -2.12621e-06 2.45812e-12
25.5 -6.87813e-07 -2.0454e-06 2.32838e-12
25.53 -7.44381e-07 -1.96517e-06 2.20801e-12
25.56 -7.98581e-07 -1.88558e-06 2.09658e-12
25.59 -8.50437e-07 -1.80669e-06 1.99368e-12
25.62 -8.99972e-07 -1.72853e-06 1.89888e-12
25.65 -9.47211e-07 -1.65116e-06 1.81177e-12
25.68 -9.9218e-07 -1.57463e-06 1.73193e-12
25.71 -1.03491e-06 -1.49897e-06 1.65897e-12
25.74 -1.07542e-06 -1.42424e-06 1.59249e-12
25.77 -1.11375e-06 -1.35046e-06 1.53209e-12
25.8 -1.14993e-06 -1.27768e-06 1.47741e-12
25.83 -1.18399e-06 -1.20594e-06 1.42806e-12
25.86 -1.21596e-06 -1.13527e-06 1.38369e-12
25.89 -1.24588e-06 -1.06569e-06 1.34395e-12
25.92 -1.27377e-06 -9.97239e-07 1.30849e-12
25.95 -1.29969e-06 -9.29945e-07 1.27699e-12
25.98 -1.32366e-06 -8.63834e-07 1.24914e-12
26.01 -1.34571e-06 -7.98928e-07 1.22462e-12
26.04 -1.3659e-06 -7.3525e-07 1.20314e-12
26.07 -1.38425e-06 -6.72821e-07 1.18442e-12
26.1 -1.4008e-06 -6.1166e-07 1.16819e-12
26.13 -1.4156e-06 -5.51783e-07 1.15419e-12
26.16 -1.42868e-06 -4.93205e-07 1.14218e-12
26.19 -1.44008e-06 -4.35941e-07 1.13193e-12
26.22 -1.44984e-06 -3.80002e-07 1.12322e-12
26.25 -1.458e-06 -3.254e-07 1.11583e-12
26.28 -1.46461e-06 -2.72143e-07 1.10957e-12
26.31 -1.4697e-06 -2.20239e-07 1.10426e-12
26.34 -1.47332e-06 -1.69693e-07 1.09973e-12
26.37 -1.4755e-06 -1.20511e-07 1.09581e-12
26.4 -1.47628e-06 -7.26965e-08 1.09235e-12
26.43 -1.47572e-06 -2.62507e-08 1.08922e-12
26.46 -1.47384e-06 1.88254e-08 1.08628e-12
26.49 -1.4707e-06 6.25322e-08 1.08343e-12
26.52 -1.46632e-06 1.04872e-07 1.08055e-12
26.55 -1.46076e-06 1.45846e-07 1.07754e-12
26.58 -1.45405e-06 1.85461e-07 1.07432e-12
26.61 -1.44623e-06 2.2372e-07 1.07081e-12
26.64 -1.43734e-06 2.60629e-07 1.06694e-12
26.67 -1.42743e-06 2.96197e-07 1.06264e-12
26.7 -1.41653e-06 3.30432e-07 1.05787e-12
26.73 -1.40468e-06 3.63342e-07 1.05257e-12
26.76 -1.39192e-06 3.94937e-07 1.04671e-12
26.79 -1.3783e-06 4.25229e-07 1.04026e-12
26.82 -1.36384e-06 4.5423e-07 1.03319e-12
26.85 -1.34859e-06 4.81952e-07 1.02548e-12
26.88 -1.33258e-06 5.08409e-07 1.01712e-12
26.91 -1.31585e-06 5.33614e-07 1.0081e-12
26.94 -1.29844e-06 5.57583e-07 9.98423e-13
26.97 -1.28038e-06 5.80331e-07 9.88084e-13
27 -1.26172e-06 6.01874e-07 9.77091e-13
27.03 -1.24247e-06 6.2223e-07 9.65456e-13
27.06 -1.22269e-06 6.41414e-07 9.53193e-13
27.09 -1.2024e-06 6.59446e-07 9.40319e-13
27.12 -1.18164e-06 6.76343e-07 9.26853e-13
27.15 -1.16043e-06 6.92125e-07 9.12821e-13
27.18 -1.13882e-06 7.06811e-07 8.98246e-13
27.21 -1.11683e-06 7.20419e-07 8.83158e-13
27.24 -1.0945e-06 7.32971e-07 8.67585e-13
27.27 -1.07185e-06 7.44487e-07 8.51558e-13
27.3 -1.04891e-06 7.54987e-07 8.35111e-13
27.33 -1.02572e-06 7.64493e-07 8.18277e-13
27.36 -1.0023e-06 7.73026e-07 8.0109e-13
27.39 -9.78685e-07 7.80607e-07 7.83586e-13
27.42 -9.54895e-07 7.87257e-07 7.658e-13
27.45 -9.3096e-07 7.93e-07 7.47768e-13
27.48 -9.06904e-07 7.97857e-07 7.29526e-13
27.51 -8.82754e-07 8.0185e-07 7.11109e-13
27.54 -8.58534e-07 8.05002e-07 6.92554e-13
27.57 -8.34268e-07 8.07334e-07 6.73896e-13
27.6 -8.09979e-07 8.0887e-07 6.55169e-13
27.63 -7.8569e-07 8.09632e-07 6.36406e-13
27.66 -7.61422e-07 8.09643e-07 6.17642e-13
27.69 -7.37197e-07 8.08924e-07 5.98909e-13
27.72 -7.13035e-07 8.07499e-07 5.80237e-13
27.75 -6.88957e-07 8.0539e-07 5.61657e-13
27.78 -6.6498e-07 8.02619e-07 5.43198e-13
27.81 -6.41125e-07 7.99209e-07 5.24889e-13
27.84 -6.17408e-07 7.95183e-07 5.06754e-13
27.87 -5.93847e-07 7.90561e-07 4.8882e-13
27.9 -5.70459e-07 7.85366e-07 4.71112e-13
27.93 -5.47258e-07 7.79621e-07 4.5365e-13
27.96 -5.24261e-07 7.73346e-07 4.36457e-13
27.99 -5.01482e-07 7.66563e-07 4.19552e-13
28.02 -4.78936e-07 7.59294e-07 4.02954e-13
28.05 -4.56634e-07 7.5156e-07 3.86678e-13
28.08 -4.34591e-07 7.43381e-07 3.70742e-13
28.11 -4.12818e-07 7.34779e-07 3.55159e-13
28.14 -3.91326e-07 7.25773e-07 3.39941e-13
28.17 -3.70127e-07 7.16384e-07 3.251e-13
28.2 -3.49231e-07 7.06633e-07 3.10646e-13
28.23 -3.28647e-07 6.96537e-07 2.96587e-13
28.26 -3.08386e-07 6.86118e-07 2.8293e-13
28.29 -2.88454e-07 6.75394e-07 2.69682e-13
28.32 -2.68861e-07 6.64384e-07 2.56846e-13
28.35 -2.49614e-07 6.53106e-07 2.44427e-13
28.38 -2.30719e-07 6.41579e-07 2.32427e-13
28.41 -2.12184e-07 6.2982e-07 2.20847e-13
28.44 -1.94013e-07 6.17847e-07 2.09688e-13
28.47 -1.76214e-07 6.05677e-07 1.98948e-13
28.5 -1.58789e-07 5.93327e-07 1.88625e-13
28.53 -1.41745e-07 5.80813e-07 1.78718e-13
28.56 -1.25084e-07 5.68153e-07 1.69222e-13
28.59 -1.0881e-07 5.55361e-07 1.60132e-13
28.62 -9.29268e-08 5.42452e-07 1.51445e-13
28.65 -7.74364e-08 5.29443e-07 1.43153e-13
28.68 -6.2341e-08 5.16347e-07 1.35251e-13
28.71 -4.76424e-08 5.0318e-07 1.2773e-13
28.74 -3.33418e-08 4.89955e-07 1.20584e-13
28.77 -1.94402e-08 4.76686e-07 1.13804e-13
28.8 -5.93824e-09 4.63385e-07 1.07381e-13
28.83 7.16406e-09 4.50067e-07 1.01306e-13
28.86 1.98668e-08 4.36743e-07 9.55696e-14
28.89 3.21706e-08 4.23426e-07 9.01622e-14
28.92 4.40764e-08 4.10127e-07 8.50735e-14
28.95 5.55853e-08 3.96858e-07 8.02931e-14
28.98 6.66989e-08 3.8363e-07 7.58104e-14
29.01 7.74191e-08 3.70454e-07 7.16148e-14
29.04 8.7748e-08 3.57339e-07 6.76955e-14
29.07 9.7688e-08 3.44296e-07 6.40415e-14
29.1 1.07242e-07 3.31335e-07 6.06419e-14
29.13 1.16413e-07 3.18464e-07 5.74857e-14
29.16 1.25204e-07 3.05693e-07 5.45621e-14
29.19 1.33618e-07 2.9303e-07 5.18602e-14
29.22 1.4166e-07 2.80483e-07 4.93691e-14
29.25 1.49333e-07 2.6806e-07 4.70782e-14
29.28 1.56641e-07 2.55768e-07 4.4977e-14
29.31 1.6359e-07 2.43615e-07 4.3055e-14
29.34 1.70182e-07 2.31608e-07 4.1302e-14
29.37 1.76424e-07 2.19752e-07 3.97081e-14
29.4 1.82319e-07 2.08054e-07 3.82633e-14
29.43 1.87874e-07 1.96519e-07 3.69582e-14
29.46 1.93093e-07 1.85154e-07 3.57835e-14
29.49 1.97981e-07 1.73963e-07 3.47299e-14
29.52 2.02545e-07 1.62952e-07 3.37889e-14
29.55 2.0679e-07 1.52124e-07 3.29518e-14
29.58 2.10721e-07 1.41484e-07 3.22104e-14
29.61 2.14344e-07 1.31035e-07 3.15569e-14
29.64 2.17666e-07 1.20783e-07 3.09835e-14
29.67 2.20692e-07 1.10729e-07 3.0483e-14
29.7 2.23429e-07 1.00877e-07 3.00484e-14
29.73 2.25883e-07 9.12299e-08 2.9673e-14
29.76 2.2806e-07 8.17902e-08 2.93505e-14
29.79 2.29966e-07 7.256e-08 2.90747e-14
29.82 2.31608e-07 6.35414e-08 2.88399e-14
29.85 2.32992e-07 5.47362e-08 2.86408e-14
29.88 2.34126e-07 4.61458e-08 2.84721e-14
29.91 2.35014e-07 3.77717e-08 2.83292e-14
29.94 2.35664e-07 2.96148e-08 2.82074e-14
29.97 2.36083e-07 2.16759e-08 2.81025e-14
