0 0.019999 0.9999 0.5001
0.01 0.029996 0.9997 0.50015
0.02 0.03999 0.9994 0.5002
0.03 0.04998 0.999 0.50025
0.04 0.059965 0.9985 0.500299
0.05 0.069944 0.997901 0.500349
0.06 0.079916 0.997201 0.500398
0.07 0.08988 0.996402 0.500448
0.08 0.0998351 0.995503 0.500497
0.09 0.10978 0.994505 0.500546
0.1 0.119714 0.993407 0.500595
0.11 0.129636 0.99221 0.500643
0.12 0.139545 0.990914 0.500691
0.13 0.149441 0.989518 0.500739
0.14 0.159321 0.988024 0.500787
0.15 0.169185 0.986431 0.500834
0.16 0.179033 0.984739 0.500882
0.17 0.188862 0.982948 0.500928
0.18 0.198673 0.98106 0.500975
0.19 0.208463 0.979073 0.501021
0.2 0.218233 0.976988 0.501066
0.21 0.227981 0.974806 0.501111
0.22 0.237707 0.972526 0.501156
0.23 0.247408 0.970149 0.5012
0.24 0.257085 0.967675 0.501244
0.25 0.266736 0.965104 0.501287
0.26 0.27636 0.962437 0.50133
0.27 0.285957 0.959673 0.501372
0.28 0.295525 0.956814 0.501414
0.29 0.305064 0.953858 0.501455
0.3 0.314572 0.950808 0.501495
0.31 0.324048 0.947662 0.501535
0.32 0.333493 0.944422 0.501575
0.33 0.342903 0.941087 0.501614
0.34 0.35228 0.937658 0.501652
0.35 0.361621 0.934135 0.501689
0.36 0.370927 0.930519 0.501726
0.37 0.380195 0.926809 0.501762
0.38 0.389425 0.923007 0.501797
0.39 0.398616 0.919113 0.501832
0.4 0.407767 0.915127 0.501866
0.41 0.416878 0.911049 0.501899
0.42 0.425946 0.906881 0.501931
0.43 0.434973 0.902621 0.501963
0.44 0.443955 0.898271 0.501994
0.45 0.452894 0.893832 0.502024
0.46 0.461787 0.889303 0.502053
0.47 0.470634 0.884685 0.502082
0.48 0.479433 0.879979 0.502109
0.49 0.488185 0.875184 0.502136
0.5 0.496888 0.870303 0.502162
0.51 0.505542 0.865334 0.502187
0.52 0.514144 0.860278 0.502212
0.53 0.522696 0.855137 0.502235
0.54 0.531195 0.84991 0.502257
0.55 0.539641 0.844598 0.502279
0.56 0.548033 0.839201 0.5023
0.57 0.55637 0.833721 0.502319
0.58 0.564652 0.828157 0.502338
0.59 0.572877 0.822511 0.502356
0.6 0.581045 0.816782 0.502373
0.61 0.589154 0.810972 0.502389
0.62 0.597205 0.80508 0.502404
0.63 0.605196 0.799108 0.502418
0.64 0.613127 0.793056 0.502431
0.65 0.620996 0.786925 0.502443
0.66 0.628803 0.780715 0.502455
0.67 0.636547 0.774427 0.502465
0.68 0.644228 0.768061 0.502474
0.69 0.651844 0.761619 0.502482
0.7 0.659395 0.755101 0.50249
0.71 0.66688 0.748507 0.502496
0.72 0.674299 0.741838 0.502501
0.73 0.68165 0.735095 0.502505
0.74 0.688932 0.728278 0.502509
0.75 0.696146 0.721389 0.502511
0.76 0.703291 0.714428 0.502512
0.77 0.710364 0.707395 0.502513
0.78 0.717367 0.700291 0.502512
0.79 0.724299 0.693117 0.50251
0.8 0.731157 0.685874 0.502507
0.81 0.737943 0.678563 0.502504
0.82 0.744655 0.671183 0.502499
0.83 0.751292 0.663737 0.502493
0.84 0.757854 0.656224 0.502487
0.85 0.764341 0.648645 0.502479
0.86 0.770751 0.641002 0.50247
0.87 0.777084 0.633295 0.502461
0.88 0.783339 0.625524 0.50245
0.89 0.789516 0.61769 0.502438
0.9 0.795614 0.609795 0.502426
0.91 0.801632 0.601839 0.502412
0.92 0.807571 0.593823 0.502398
0.93 0.813428 0.585747 0.502382
0.94 0.819204 0.577613 0.502366
0.95 0.824898 0.569421 0.502349
0.96 0.83051 0.561172 0.50233
0.97 0.836039 0.552867 0.502311
0.98 0.841484 0.544506 0.502291
0.99 0.846845 0.536091 0.50227
1 0.852121 0.527623 0.502248
1.01 0.857312 0.519102 0.502225
1.02 0.862417 0.510529 0.502201
1.03 0.867436 0.501904 0.502177
1.04 0.872369 0.49323 0.502151
1.05 0.877214 0.484506 0.502125
1.06 0.881971 0.475734 0.502098
1.07 0.88664 0.466915 0.50207
1.08 0.891221 0.458048 0.502041
1.09 0.895712 0.449136 0.502011
1.1 0.900114 0.440179 0.501981
1.11 0.904426 0.431178 0.50195
1.12 0.908647 0.422133 0.501918
1.13 0.912777 0.413047 0.501885
1.14 0.916816 0.403919 0.501852
1.15 0.920764 0.394751 0.501817
1.16 0.924619 0.385543 0.501782
1.17 0.928382 0.376297 0.501747
1.18 0.932053 0.367013 0.50171
1.19 0.935629 0.357693 0.501673
1.2 0.939113 0.348337 0.501636
1.21 0.942502 0.338945 0.501597
1.22 0.945798 0.32952 0.501558
1.23 0.948998 0.320062 0.501519
1.24 0.952104 0.310572 0.501478
1.25 0.955114 0.301051 0.501438
1.26 0.958029 0.2915 0.501396
1.27 0.960849 0.28192 0.501354
1.28 0.963572 0.272311 0.501312
1.29 0.966198 0.262676 0.501269
1.3 0.968729 0.253014 0.501226
1.31 0.971162 0.243326 0.501182
1.32 0.973498 0.233615 0.501137
1.33 0.975737 0.22388 0.501092
1.34 0.977878 0.214123 0.501047
1.35 0.979921 0.204344 0.501001
1.36 0.981867 0.194545 0.500955
1.37 0.983714 0.184726 0.500909
1.38 0.985463 0.174889 0.500862
1.39 0.987113 0.165034 0.500815
1.4 0.988665 0.155163 0.500767
1.41 0.990118 0.145276 0.500719
1.42 0.991472 0.135375 0.500671
1.43 0.992726 0.12546 0.500623
1.44 0.993881 0.115533 0.500574
1.45 0.994937 0.105594 0.500525
1.46 0.995894 0.095645 0.500476
1.47 0.996751 0.085686 0.500427
1.48 0.997508 0.0757185 0.500378
1.49 0.998165 0.0657434 0.500328
1.5 0.998723 0.0557618 0.500278
1.51 0.999181 0.0457745 0.500229
1.52 0.999539 0.0357827 0.500179
1.53 0.999796 0.0257874 0.500129
1.54 0.999954 0.0157894 0.500079
1.55 1.00001 0.00578985 0.500029
1.56 0.99997 -0.00421028 0.499979
1.57 0.999828 -0.01421 0.499929
1.58 0.999586 -0.0242083 0.499879
1.59 0.999244 -0.0342041 0.499829
1.6 0.998802 -0.0441966 0.499779
1.61 0.99826 -0.0541846 0.49973
1.62 0.997618 -0.0641672 0.49968
1.63 0.996877 -0.0741434 0.49963
1.64 0.996036 -0.0841121 0.499581
1.65 0.995095 -0.0940725 0.499532
1.66 0.994055 -0.104023 0.499483
1.67 0.992915 -0.113964 0.499434
1.68 0.991676 -0.123893 0.499386
1.69 0.990338 -0.13381 0.499337
1.7 0.988901 -0.143713 0.499289
1.71 0.987365 -0.153602 0.499242
1.72 0.98573 -0.163476 0.499194
1.73 0.983997 -0.173333 0.499147
1.74 0.982165 -0.183173 0.4991
1.75 0.980235 -0.192995 0.499054
1.76 0.978207 -0.202797 0.499008
1.77 0.976082 -0.212579 0.498963
1.78 0.973858 -0.22234 0.498917
1.79 0.971537 -0.232079 0.498873
1.8 0.969119 -0.241794 0.498828
1.81 0.966605 -0.251485 0.498785
1.82 0.963993 -0.261151 0.498741
1.83 0.961285 -0.270791 0.498698
1.84 0.958481 -0.280404 0.498656
1.85 0.955581 -0.289989 0.498614
1.86 0.952586 -0.299545 0.498573
1.87 0.949495 -0.309071 0.498533
1.88 0.946309 -0.318566 0.498493
1.89 0.943029 -0.328029 0.498453
1.9 0.939654 -0.337459 0.498415
1.91 0.936186 -0.346855 0.498376
1.92 0.932624 -0.356217 0.498339
1.93 0.928968 -0.365544 0.498302
1.94 0.92522 -0.374833 0.498266
1.95 0.921379 -0.384085 0.498231
1.96 0.917446 -0.393299 0.498196
1.97 0.913421 -0.402474 0.498162
1.98 0.909305 -0.411608 0.498129
1.99 0.905098 -0.420701 0.498096
2 0.900801 -0.429752 0.498064
2.01 0.896413 -0.43876 0.498033
2.02 0.891936 -0.447724 0.498003
2.03 0.88737 -0.456643 0.497974
2.04 0.882714 -0.465517 0.497945
2.05 0.877971 -0.474344 0.497918
2.06 0.87314 -0.483124 0.497891
2.07 0.868221 -0.491855 0.497865
2.08 0.863216 -0.500538 0.49784
2.09 0.858124 -0.50917 0.497815
2.1 0.852947 -0.517751 0.497792
2.11 0.847684 -0.52628 0.497769
2.12 0.842336 -0.534757 0.497748
2.13 0.836904 -0.543181 0.497727
2.14 0.831389 -0.55155 0.497707
2.15 0.82579 -0.559864 0.497688
2.16 0.820109 -0.568121 0.49767
2.17 0.814346 -0.576323 0.497653
2.18 0.808501 -0.584466 0.497637
2.19 0.802576 -0.592551 0.497622
2.2 0.79657 -0.600577 0.497608
2.21 0.790484 -0.608542 0.497595
2.22 0.78432 -0.616447 0.497583
2.23 0.778077 -0.624291 0.497571
2.24 0.771756 -0.632071 0.497561
2.25 0.765358 -0.639789 0.497552
2.26 0.758884 -0.647442 0.497543
2.27 0.752334 -0.655031 0.497536
2.28 0.745708 -0.662555 0.49753
2.29 0.739008 -0.670012 0.497524
2.3 0.732234 -0.677402 0.49752
2.31 0.725387 -0.684724 0.497517
2.32 0.718467 -0.691978 0.497514
2.33 0.711475 -0.699163 0.497513
2.34 0.704413 -0.706277 0.497512
2.35 0.697279 -0.713322 0.497513
2.36 0.690076 -0.720294 0.497515
2.37 0.682804 -0.727195 0.497517
2.38 0.675464 -0.734023 0.497521
2.39 0.668056 -0.740778 0.497526
2.4 0.660582 -0.747458 0.497531
2.41 0.653041 -0.754064 0.497538
2.42 0.645435 -0.760595 0.497545
2.43 0.637765 -0.767049 0.497554
2.44 0.630031 -0.773427 0.497564
2.45 0.622233 -0.779727 0.497574
2.46 0.614374 -0.785949 0.497586
2.47 0.606453 -0.792093 0.497598
2.48 0.598471 -0.798157 0.497612
2.49 0.59043 -0.804142 0.497626
2.5 0.582329 -0.810047 0.497641
2.51 0.574171 -0.81587 0.497658
2.52 0.565955 -0.821612 0.497675
2.53 0.557682 -0.827271 0.497693
2.54 0.549353 -0.832848 0.497712
2.55 0.54097 -0.838341 0.497732
2.56 0.532532 -0.843751 0.497753
2.57 0.524042 -0.849076 0.497775
2.58 0.515499 -0.854317 0.497798
2.59 0.506904 -0.859472 0.497822
2.6 0.498258 -0.864541 0.497846
2.61 0.489563 -0.869523 0.497872
2.62 0.480819 -0.874419 0.497898
2.63 0.472027 -0.879227 0.497925
2.64 0.463187 -0.883948 0.497953
2.65 0.454301 -0.888579 0.497982
2.66 0.44537 -0.893122 0.498011
2.67 0.436394 -0.897576 0.498042
2.68 0.427375 -0.90194 0.498073
2.69 0.418313 -0.906214 0.498105
2.7 0.409209 -0.910397 0.498137
2.71 0.400064 -0.914489 0.498171
2.72 0.390879 -0.91849 0.498205
2.73 0.381655 -0.922398 0.49824
2.74 0.372393 -0.926215 0.498275
2.75 0.363094 -0.929939 0.498312
2.76 0.353758 -0.93357 0.498349
2.77 0.344387 -0.937107 0.498386
2.78 0.334981 -0.940551 0.498425
2.79 0.325542 -0.943901 0.498464
2.8 0.316071 -0.947157 0.498503
2.81 0.306568 -0.950317 0.498543
2.82 0.297034 -0.953383 0.498584
2.83 0.28747 -0.956353 0.498625
2.84 0.277878 -0.959228 0.498667
2.85 0.268258 -0.962007 0.49871
2.86 0.258611 -0.964689 0.498753
2.87 0.248938 -0.967275 0.498796
2.88 0.239241 -0.969765 0.49884
2.89 0.229519 -0.972157 0.498884
2.9 0.219774 -0.974452 0.498929
2.91 0.210008 -0.97665 0.498974
2.92 0.20022 -0.97875 0.49902
2.93 0.190413 -0.980752 0.499066
2.94 0.180586 -0.982657 0.499113
2.95 0.170742 -0.984462 0.49916
2.96 0.16088 -0.98617 0.499207
2.97 0.151002 -0.987779 0.499254
2.98 0.141109 -0.989289 0.499302
2.99 0.131202 -0.9907 0.49935
3 0.121282 -0.992012 0.499398
3.01 0.11135 -0.993225 0.499447
3.02 0.101407 -0.994338 0.499496
3.03 0.0914531 -0.995352 0.499545
3.04 0.0814905 -0.996267 0.499594
3.05 0.0715196 -0.997082 0.499643
3.06 0.0615417 -0.997797 0.499693
3.07 0.0515576 -0.998412 0.499743
3.08 0.0415683 -0.998928 0.499792
3.09 0.0315748 -0.999344 0.499842
3.1 0.0215782 -0.999659 0.499892
3.11 0.0115795 -0.999875 0.499942
3.12 0.00157959 -0.999991 0.499992
3.13 -0.00842048 -1.00001 0.500042
3.14 -0.0184197 -0.999922 0.500092
3.15 -0.0284171 -0.999738 0.500142
3.16 -0.0384116 -0.999454 0.500192
3.17 -0.0484023 -0.99907 0.500242
3.18 -0.0583882 -0.998586 0.500292
3.19 -0.0683682 -0.998002 0.500341
3.2 -0.0783414 -0.997318 0.500391
3.21 -0.0883067 -0.996535 0.50044
3.22 -0.0982633 -0.995652 0.500489
3.23 -0.10821 -0.994669 0.500538
3.24 -0.118146 -0.993587 0.500587
3.25 -0.12807 -0.992406 0.500635
3.26 -0.137981 -0.991125 0.500684
3.27 -0.147879 -0.989745 0.500732
3.28 -0.157761 -0.988266 0.50078
3.29 -0.167628 -0.986689 0.500827
3.3 -0.177478 -0.985013 0.500874
3.31 -0.187311 -0.983238 0.500921
3.32 -0.197124 -0.981365 0.500967
3.33 -0.206918 -0.979393 0.501013
3.34 -0.216691 -0.977324 0.501059
3.35 -0.226443 -0.975157 0.501104
3.36 -0.236172 -0.972893 0.501149
3.37 -0.245877 -0.970531 0.501193
3.38 -0.255558 -0.968072 0.501237
3.39 -0.265213 -0.965517 0.50128
3.4 -0.274842 -0.962865 0.501323
3.41 -0.284443 -0.960116 0.501365
3.42 -0.294016 -0.957272 0.501407
3.43 -0.303559 -0.954332 0.501448
3.44 -0.313072 -0.951296 0.501489
3.45 -0.322554 -0.948165 0.501529
3.46 -0.332003 -0.94494 0.501569
3.47 -0.341419 -0.94162 0.501607
3.48 -0.350801 -0.938206 0.501646
3.49 -0.360148 -0.934698 0.501683
3.5 -0.369459 -0.931096 0.50172
3.51 -0.378733 -0.927401 0.501756
3.52 -0.387969 -0.923614 0.501792
3.53 -0.397167 -0.919734 0.501826
3.54 -0.406324 -0.915763 0.50186
3.55 -0.415441 -0.9117 0.501894
3.56 -0.424517 -0.907545 0.501926
3.57 -0.43355 -0.9033 0.501958
3.58 -0.442539 -0.898964 0.501989
3.59 -0.451485 -0.894539 0.502019
3.6 -0.460385 -0.890024 0.502049
3.61 -0.469239 -0.88542 0.502077
3.62 -0.478047 -0.880728 0.502105
3.63 -0.486806 -0.875948 0.502132
3.64 -0.495517 -0.871079 0.502158
3.65 -0.504178 -0.866124 0.502183
3.66 -0.512789 -0.861083 0.502208
3.67 -0.521348 -0.855955 0.502231
3.68 -0.529856 -0.850741 0.502254
3.69 -0.53831 -0.845443 0.502276
3.7 -0.546711 -0.840059 0.502296
3.71 -0.555057 -0.834592 0.502316
3.72 -0.563347 -0.829042 0.502335
3.73 -0.571581 -0.823408 0.502353
3.74 -0.579758 -0.817693 0.50237
3.75 -0.587877 -0.811895 0.502386
3.76 -0.595937 -0.806016 0.502402
3.77 -0.603938 -0.800057 0.502416
3.78 -0.611878 -0.794017 0.502429
3.79 -0.619757 -0.787899 0.502442
3.8 -0.627574 -0.781701 0.502453
3.81 -0.635328 -0.775425 0.502463
3.82 -0.643019 -0.769072 0.502473
3.83 -0.650645 -0.762642 0.502481
3.84 -0.658207 -0.756135 0.502488
3.85 -0.665702 -0.749553 0.502495
3.86 -0.673131 -0.742896 0.5025
3.87 -0.680493 -0.736165 0.502505
3.88 -0.687787 -0.72936 0.502508
3.89 -0.695011 -0.722482 0.502511
3.9 -0.702167 -0.715532 0.502512
3.91 -0.709252 -0.70851 0.502513
3.92 -0.716266 -0.701418 0.502512
3.93 -0.723209 -0.694255 0.50251
3.94 -0.730079 -0.687023 0.502508
3.95 -0.736876 -0.679722 0.502504
3.96 -0.7436 -0.672354 0.5025
3.97 -0.750249 -0.664918 0.502494
3.98 -0.756823 -0.657415 0.502488
3.99 -0.763321 -0.649847 0.50248
4 -0.769743 -0.642214 0.502472
4.01 -0.776089 -0.634516 0.502462
4.02 -0.782356 -0.626755 0.502452
4.03 -0.788545 -0.618932 0.50244
4.04 -0.794656 -0.611046 0.502428
4.05 -0.800687 -0.6031 0.502414
4.06 -0.806638 -0.595093 0.5024
4.07 -0.812508 -0.587027 0.502385
4.08 -0.818297 -0.578901 0.502369
4.09 -0.824004 -0.570718 0.502351
4.1 -0.829629 -0.562478 0.502333
4.11 -0.835171 -0.554182 0.502314
4.12 -0.840629 -0.54583 0.502294
4.13 -0.846003 -0.537424 0.502273
4.14 -0.851293 -0.528964 0.502252
4.15 -0.856498 -0.520451 0.502229
4.16 -0.861617 -0.511886 0.502205
4.17 -0.866649 -0.50327 0.502181
4.18 -0.871595 -0.494604 0.502155
4.19 -0.876454 -0.485888 0.502129
4.2 -0.881225 -0.477123 0.502102
4.21 -0.885908 -0.468311 0.502074
4.22 -0.890503 -0.459452 0.502046
4.23 -0.895008 -0.450547 0.502016
4.24 -0.899424 -0.441597 0.501986
4.25 -0.90375 -0.432602 0.501955
4.26 -0.907986 -0.423565 0.501923
4.27 -0.912131 -0.414485 0.50189
4.28 -0.916185 -0.405364 0.501857
4.29 -0.920147 -0.396202 0.501823
4.3 -0.924017 -0.387 0.501788
4.31 -0.927794 -0.37776 0.501752
4.32 -0.931479 -0.368482 0.501716
4.33 -0.935071 -0.359167 0.501679
4.34 -0.938569 -0.349817 0.501642
4.35 -0.941973 -0.340431 0.501603
4.36 -0.945283 -0.331011 0.501564
4.37 -0.948499 -0.321559 0.501525
4.38 -0.95162 -0.312074 0.501485
4.39 -0.954645 -0.302557 0.501444
4.4 -0.957575 -0.293011 0.501403
4.41 -0.96041 -0.283435 0.501361
4.42 -0.963148 -0.273831 0.501319
4.43 -0.96579 -0.2642 0.501276
4.44 -0.968335 -0.254542 0.501232
4.45 -0.970784 -0.244858 0.501189
4.46 -0.973135 -0.23515 0.501144
4.47 -0.97539 -0.225419 0.501099
4.48 -0.977546 -0.215665 0.501054
4.49 -0.979605 -0.20589 0.501008
4.5 -0.981566 -0.196094 0.500962
4.51 -0.983429 -0.186278 0.500916
4.52 -0.985193 -0.176444 0.500869
4.53 -0.986859 -0.166592 0.500822
4.54 -0.988426 -0.156723 0.500775
4.55 -0.989895 -0.146839 0.500727
4.56 -0.991264 -0.13694 0.500679
4.57 -0.992535 -0.127027 0.50063
4.58 -0.993706 -0.117102 0.500582
4.59 -0.994777 -0.107165 0.500533
4.6 -0.995749 -0.0972172 0.500484
4.61 -0.996622 -0.0872597 0.500435
4.62 -0.997395 -0.0772935 0.500385
4.63 -0.998068 -0.0673195 0.500336
4.64 -0.998642 -0.0573388 0.500286
4.65 -0.999115 -0.0473524 0.500237
4.66 -0.999489 -0.0373613 0.500187
4.67 -0.999762 -0.0273664 0.500137
4.68 -0.999936 -0.0173688 0.500087
4.69 -1.00001 -0.0073694 0.500037
4.7 -0.999983 0.0026307 0.499987
4.71 -0.999857 0.0126305 0.499937
4.72 -0.999631 0.0226291 0.499887
4.73 -0.999305 0.0326254 0.499837
4.74 -0.998878 0.0426185 0.499787
4.75 -0.998352 0.0526072 0.499737
4.76 -0.997726 0.0625908 0.499688
4.77 -0.997001 0.072568 0.499638
4.78 -0.996175 0.082538 0.499589
4.79 -0.99525 0.0924998 0.49954
4.8 -0.994226 0.102452 0.499491
4.81 -0.993102 0.112395 0.499442
4.82 -0.991879 0.122326 0.499393
4.83 -0.990556 0.132244 0.499345
4.84 -0.989135 0.14215 0.499297
4.85 -0.987614 0.152041 0.499249
4.86 -0.985995 0.161917 0.499202
4.87 -0.984277 0.171777 0.499155
4.88 -0.982461 0.18162 0.499108
4.89 -0.980547 0.191445 0.499061
4.9 -0.978534 0.20125 0.499015
4.91 -0.976424 0.211036 0.49897
4.92 -0.974216 0.2208 0.498924
4.93 -0.97191 0.230542 0.49888
4.94 -0.969508 0.240261 0.498835
4.95 -0.967008 0.249956 0.498791
4.96 -0.964412 0.259626 0.498748
4.97 -0.961719 0.26927 0.498705
4.98 -0.95893 0.278888 0.498663
4.99 -0.956046 0.288477 0.498621
5 -0.953065 0.298037 0.49858
5.01 -0.94999 0.307568 0.498539
5.02 -0.946819 0.317068 0.498499
5.03 -0.943553 0.326536 0.498459
5.04 -0.940194 0.335972 0.498421
5.05 -0.93674 0.345373 0.498382
5.06 -0.933193 0.354741 0.498345
5.07 -0.929552 0.364073 0.498308
5.08 -0.925818 0.373368 0.498272
5.09 -0.921992 0.382627 0.498236
5.1 -0.918073 0.391846 0.498201
5.11 -0.914063 0.401027 0.498167
5.12 -0.909962 0.410168 0.498134
5.13 -0.905769 0.419267 0.498101
5.14 -0.901486 0.428325 0.498069
5.15 -0.897112 0.43734 0.498038
5.16 -0.892649 0.446311 0.498008
5.17 -0.888097 0.455238 0.497979
5.18 -0.883456 0.464119 0.49795
5.19 -0.878726 0.472953 0.497922
5.2 -0.873909 0.48174 0.497895
5.21 -0.869004 0.490479 0.497869
5.22 -0.864012 0.499169 0.497844
5.23 -0.858934 0.50781 0.497819
5.24 -0.85377 0.516399 0.497796
5.25 -0.848521 0.524937 0.497773
5.26 -0.843186 0.533422 0.497751
5.27 -0.837768 0.541854 0.49773
5.28 -0.832266 0.550231 0.49771
5.29 -0.82668 0.558554 0.497691
5.3 -0.821012 0.566821 0.497673
5.31 -0.815262 0.575031 0.497656
5.32 -0.80943 0.583184 0.49764
5.33 -0.803517 0.591278 0.497624
5.34 -0.797524 0.599313 0.49761
5.35 -0.791451 0.607288 0.497597
5.36 -0.785299 0.615203 0.497584
5.37 -0.779068 0.623056 0.497573
5.38 -0.77276 0.630846 0.497563
5.39 -0.766374 0.638574 0.497553
5.4 -0.759912 0.646238 0.497545
5.41 -0.753373 0.653837 0.497537
5.42 -0.74676 0.661371 0.497531
5.43 -0.740071 0.668838 0.497525
5.44 -0.733309 0.676239 0.497521
5.45 -0.726473 0.683572 0.497517
5.46 -0.719565 0.690837 0.497514
5.47 -0.712584 0.698032 0.497513
5.48 -0.705533 0.705158 0.497512
5.49 -0.698411 0.712214 0.497513
5.5 -0.691219 0.719198 0.497514
5.51 -0.683958 0.72611 0.497517
5.52 -0.676628 0.732949 0.49752
5.53 -0.669231 0.739716 0.497525
5.54 -0.661767 0.746408 0.49753
5.55 -0.654237 0.753026 0.497537
5.56 -0.646641 0.759568 0.497544
5.57 -0.638981 0.766035 0.497553
5.58 -0.631256 0.772424 0.497562
5.59 -0.623469 0.778737 0.497572
5.6 -0.615619 0.784972 0.497584
5.61 -0.607708 0.791128 0.497596
5.62 -0.599736 0.797205 0.497609
5.63 -0.591704 0.803202 0.497624
5.64 -0.583613 0.809119 0.497639
5.65 -0.575463 0.814955 0.497655
5.66 -0.567256 0.82071 0.497672
5.67 -0.558992 0.826383 0.49769
5.68 -0.550673 0.831973 0.497709
5.69 -0.542298 0.837479 0.497729
5.7 -0.533869 0.842902 0.49775
5.71 -0.525386 0.848241 0.497772
5.72 -0.516851 0.853495 0.497794
5.73 -0.508265 0.858663 0.497818
5.74 -0.499627 0.863746 0.497842
5.75 -0.49094 0.868742 0.497867
5.76 -0.482203 0.873652 0.497894
5.77 -0.473419 0.878474 0.497921
5.78 -0.464587 0.883208 0.497948
5.79 -0.455708 0.887854 0.497977
5.8 -0.446784 0.892411 0.498006
5.81 -0.437815 0.896879 0.498037
5.82 -0.428803 0.901257 0.498068
5.83 -0.419747 0.905545 0.4981
5.84 -0.41065 0.909742 0.498132
5.85 -0.401511 0.913849 0.498165
5.86 -0.392333 0.917864 0.498199
5.87 -0.383115 0.921787 0.498234
5.88 -0.373859 0.925618 0.49827
5.89 -0.364565 0.929357 0.498306
5.9 -0.355235 0.933003 0.498343
5.91 -0.345869 0.936555 0.49838
5.92 -0.336469 0.940014 0.498419
5.93 -0.327035 0.943378 0.498457
5.94 -0.317569 0.946649 0.498497
5.95 -0.308071 0.949824 0.498537
5.96 -0.298542 0.952905 0.498578
5.97 -0.288983 0.95589 0.498619
5.98 -0.279395 0.95878 0.498661
5.99 -0.269779 0.961574 0.498703
6 -0.260137 0.964272 0.498746
6.01 -0.250468 0.966873 0.498789
6.02 -0.240774 0.969378 0.498833
6.03 -0.231056 0.971786 0.498877
6.04 -0.221315 0.974096 0.498922
6.05 -0.211552 0.97631 0.498967
6.06 -0.201768 0.978425 0.499013
6.07 -0.191963 0.980443 0.499059
6.08 -0.18214 0.982362 0.499105
6.09 -0.172298 0.984184 0.499152
6.1 -0.162439 0.985907 0.499199
6.11 -0.152564 0.987531 0.499247
6.12 -0.142673 0.989057 0.499294
6.13 -0.132768 0.990484 0.499342
6.14 -0.12285 0.991811 0.499391
6.15 -0.11292 0.99304 0.499439
6.16 -0.102978 0.994169 0.499488
6.17 -0.093026 0.995199 0.499537
6.18 -0.0830647 0.996129 0.499586
6.19 -0.0730951 0.99696 0.499636
6.2 -0.0631182 0.997691 0.499685
6.21 -0.053135 0.998322 0.499735
6.22 -0.0431464 0.998853 0.499785
6.23 -0.0331536 0.999285 0.499834
6.24 -0.0231574 0.999616 0.499884
6.25 -0.013159 0.999848 0.499934
6.26 -0.00315917 0.999979 0.499984
6.27 0.00684093 1.00001 0.500034
6.28 0.0168404 0.999942 0.500084
6.29 0.0268381 0.999774 0.500134
6.3 0.0368332 0.999506 0.500184
6.31 0.0468245 0.999137 0.500234
6.32 0.0568112 0.998669 0.500284
6.33 0.0667922 0.998101 0.500333
6.34 0.0767666 0.997433 0.500383
6.35 0.0867332 0.996665 0.500432
6.36 0.0966912 0.995798 0.500481
6.37 0.10664 0.994831 0.50053
6.38 0.116577 0.993765 0.500579
6.39 0.126503 0.992599 0.500628
6.4 0.136416 0.991334 0.500676
6.41 0.146316 0.98997 0.500724
6.42 0.156201 0.988507 0.500772
6.43 0.166071 0.986945 0.50082
6.44 0.175924 0.985284 0.500867
6.45 0.185759 0.983525 0.500913
6.46 0.195575 0.981667 0.50096
6.47 0.205373 0.979711 0.501006
6.48 0.215149 0.977658 0.501052
6.49 0.224904 0.975506 0.501097
6.5 0.234637 0.973257 0.501142
6.51 0.244346 0.970911 0.501186
6.52 0.254031 0.968467 0.50123
6.53 0.26369 0.965927 0.501274
6.54 0.273323 0.96329 0.501316
6.55 0.282928 0.960557 0.501359
6.56 0.292506 0.957727 0.501401
6.57 0.302054 0.954802 0.501442
6.58 0.311571 0.951782 0.501483
6.59 0.321058 0.948666 0.501523
6.6 0.330513 0.945456 0.501562
6.61 0.339934 0.94215 0.501601
6.62 0.349322 0.938751 0.50164
6.63 0.358674 0.935258 0.501677
6.64 0.367991 0.931671 0.501714
6.65 0.377271 0.927991 0.501751
6.66 0.386513 0.924219 0.501786
6.67 0.395717 0.920353 0.501821
6.68 0.404881 0.916396 0.501855
6.69 0.414004 0.912347 0.501889
6.7 0.423086 0.908207 0.501921
6.71 0.432126 0.903977 0.501953
6.72 0.441122 0.899655 0.501984
6.73 0.450075 0.895244 0.502015
6.74 0.458982 0.890743 0.502044
6.75 0.467844 0.886153 0.502073
6.76 0.476659 0.881475 0.502101
6.77 0.485426 0.876708 0.502128
6.78 0.494144 0.871854 0.502154
6.79 0.502813 0.866913 0.502179
6.8 0.511432 0.861885 0.502204
6.81 0.52 0.85677 0.502228
6.82 0.528516 0.85157 0.50225
6.83 0.536978 0.846285 0.502272
6.84 0.545388 0.840915 0.502293
6.85 0.553742 0.835462 0.502313
6.86 0.562041 0.829924 0.502332
6.87 0.570284 0.824304 0.50235
6.88 0.57847 0.818601 0.502368
6.89 0.586599 0.812816 0.502384
6.9 0.594668 0.80695 0.502399
6.91 0.602678 0.801003 0.502414
6.92 0.610628 0.794977 0.502427
6.93 0.618517 0.78887 0.50244
6.94 0.626343 0.782685 0.502451
6.95 0.634108 0.776422 0.502462
6.96 0.641808 0.770081 0.502471
6.97 0.649445 0.763663 0.50248
6.98 0.657017 0.757168 0.502487
6.99 0.664523 0.750598 0.502494
7 0.671962 0.743953 0.5025
7.01 0.679335 0.737233 0.502504
7.02 0.686639 0.73044 0.502508
7.03 0.693875 0.723573 0.50251
7.04 0.701041 0.716635 0.502512
7.05 0.708137 0.709624 0.502513
7.06 0.715163 0.702543 0.502512
7.07 0.722117 0.695391 0.502511
7.08 0.728998 0.68817 0.502508
7.09 0.735807 0.68088 0.502505
7.1 0.742542 0.673522 0.502501
7.11 0.749203 0.666097 0.502495
7.12 0.755789 0.658605 0.502489
7.13 0.7623 0.651047 0.502481
7.14 0.768734 0.643424 0.502473
7.15 0.775092 0.635736 0.502464
7.16 0.781371 0.627985 0.502453
7.17 0.787573 0.620172 0.502442
7.18 0.793696 0.612296 0.50243
7.19 0.79974 0.604359 0.502417
7.2 0.805703 0.596362 0.502402
7.21 0.811586 0.588305 0.502387
7.22 0.817388 0.580189 0.502371
7.23 0.823108 0.572015 0.502354
7.24 0.828746 0.563784 0.502336
7.25 0.834301 0.555496 0.502317
7.26 0.839773 0.547153 0.502297
7.27 0.84516 0.538756 0.502277
7.28 0.850463 0.530304 0.502255
7.29 0.855681 0.521799 0.502232
7.3 0.860814 0.513243 0.502209
7.31 0.86586 0.504634 0.502185
7.32 0.87082 0.495976 0.50216
7.33 0.875692 0.487268 0.502133
7.34 0.880478 0.478511 0.502107
7.35 0.885175 0.469706 0.502079
7.36 0.889783 0.460854 0.50205
7.37 0.894303 0.451956 0.502021
7.38 0.898733 0.443013 0.501991
7.39 0.903073 0.434026 0.50196
7.4 0.907323 0.424995 0.501928
7.41 0.911482 0.415922 0.501896
7.42 0.91555 0.406807 0.501862
7.43 0.919527 0.397652 0.501828
7.44 0.923411 0.388456 0.501794
7.45 0.927204 0.379222 0.501758
7.46 0.930903 0.36995 0.501722
7.47 0.93451 0.360641 0.501685
7.48 0.938023 0.351296 0.501648
7.49 0.941442 0.341916 0.501609
7.5 0.944767 0.332501 0.501571
7.51 0.947997 0.323054 0.501531
7.52 0.951133 0.313574 0.501491
7.53 0.954174 0.304063 0.501451
7.54 0.957119 0.294521 0.501409
7.55 0.959968 0.28495 0.501368
7.56 0.962722 0.27535 0.501325
7.57 0.965379 0.265723 0.501283
7.58 0.96794 0.256069 0.501239
7.59 0.970404 0.246389 0.501195
7.6 0.97277 0.236685 0.501151
7.61 0.97504 0.226958 0.501106
7.62 0.977212 0.217207 0.501061
7.63 0.979286 0.207435 0.501016
7.64 0.981263 0.197642 0.50097
7.65 0.983141 0.18783 0.500923
7.66 0.984921 0.177998 0.500877
7.67 0.986603 0.168149 0.500829
7.68 0.988186 0.158283 0.500782
7.69 0.98967 0.148401 0.500734
7.7 0.991055 0.138505 0.500686
7.71 0.992341 0.128594 0.500638
7.72 0.993527 0.118671 0.50059
7.73 0.994615 0.108735 0.500541
7.74 0.995602 0.0987892 0.500492
7.75 0.996491 0.0888331 0.500443
7.76 0.997279 0.0788682 0.500393
7.77 0.997968 0.0688954 0.500344
7.78 0.998558 0.0589158 0.500294
7.79 0.999047 0.0489302 0.500244
7.8 0.999436 0.0389397 0.500195
7.81 0.999726 0.0289453 0.500145
7.82 0.999915 0.0189481 0.500095
7.83 1 0.00894894 0.500045
7.84 0.999994 -0.00105111 0.499995
7.85 0.999884 -0.0110511 0.499945
7.86 0.999673 -0.0210499 0.499895
7.87 0.999363 -0.0310466 0.499845
7.88 0.998952 -0.0410402 0.499795
7.89 0.998442 -0.0510298 0.499745
7.9 0.997832 -0.0610142 0.499696
7.91 0.997122 -0.0709925 0.499646
7.92 0.996312 -0.0809637 0.499597
7.93 0.995403 -0.0909269 0.499547
7.94 0.994394 -0.100881 0.499498
7.95 0.993286 -0.110825 0.49945
7.96 0.992078 -0.120758 0.499401
7.97 0.990772 -0.130678 0.499353
7.98 0.989366 -0.140586 0.499305
7.99 0.987861 -0.15048 0.499257
8 0.986257 -0.160358 0.499209
8.01 0.984555 -0.170221 0.499162
8.02 0.982755 -0.180067 0.499115
8.03 0.980856 -0.189894 0.499069
8.04 0.978859 -0.199703 0.499023
8.05 0.976764 -0.209491 0.498977
8.06 0.974571 -0.219259 0.498932
8.07 0.972281 -0.229005 0.498887
8.08 0.969894 -0.238727 0.498842
8.09 0.967409 -0.248426 0.498798
8.1 0.964828 -0.2581 0.498755
8.11 0.962151 -0.267749 0.498712
8.12 0.959377 -0.27737 0.498669
8.13 0.956508 -0.286964 0.498628
8.14 0.953542 -0.296529 0.498586
8.15 0.950482 -0.306065 0.498545
8.16 0.947326 -0.315569 0.498505
8.17 0.944076 -0.325043 0.498466
8.18 0.940731 -0.334483 0.498427
8.19 0.937292 -0.343891 0.498388
8.2 0.933759 -0.353264 0.498351
8.21 0.930133 -0.362601 0.498314
8.22 0.926414 -0.371902 0.498277
8.23 0.922602 -0.381167 0.498242
8.24 0.918699 -0.390393 0.498207
8.25 0.914703 -0.39958 0.498173
8.26 0.910615 -0.408727 0.498139
8.27 0.906437 -0.417833 0.498106
8.28 0.902168 -0.426897 0.498074
8.29 0.897809 -0.435919 0.498043
8.3 0.89336 -0.444897 0.498013
8.31 0.888822 -0.453831 0.497983
8.32 0.884195 -0.462719 0.497954
8.33 0.879479 -0.471561 0.497926
8.34 0.874675 -0.480356 0.497899
8.35 0.869784 -0.489102 0.497873
8.36 0.864806 -0.4978 0.497847
8.37 0.859742 -0.506448 0.497823
8.38 0.854591 -0.515046 0.497799
8.39 0.849355 -0.523592 0.497776
8.4 0.844035 -0.532085 0.497755
8.41 0.838629 -0.540525 0.497733
8.42 0.83314 -0.548912 0.497713
8.43 0.827568 -0.557243 0.497694
8.44 0.821913 -0.565519 0.497676
8.45 0.816175 -0.573738 0.497659
8.46 0.810356 -0.5819 0.497642
8.47 0.804456 -0.590003 0.497627
8.48 0.798476 -0.598048 0.497612
8.49 0.792415 -0.606033 0.497599
8.5 0.786276 -0.613957 0.497586
8.51 0.780058 -0.621819 0.497575
8.52 0.773761 -0.62962 0.497564
8.53 0.767388 -0.637358 0.497554
8.54 0.760938 -0.645032 0.497546
8.55 0.754411 -0.652641 0.497538
8.56 0.747809 -0.660185 0.497532
8.57 0.741133 -0.667663 0.497526
8.58 0.734382 -0.675074 0.497521
8.59 0.727558 -0.682418 0.497518
8.6 0.720661 -0.689694 0.497515
8.61 0.713692 -0.6969 0.497513
8.62 0.706651 -0.704037 0.497512
8.63 0.69954 -0.711104 0.497513
8.64 0.692359 -0.718099 0.497514
8.65 0.685109 -0.725023 0.497516
8.66 0.67779 -0.731874 0.49752
8.67 0.670404 -0.738652 0.497524
8.68 0.66295 -0.745356 0.497529
8.69 0.655431 -0.751985 0.497536
8.7 0.647845 -0.75854 0.497543
8.71 0.640195 -0.765018 0.497551
8.72 0.632481 -0.77142 0.49756
8.73 0.624703 -0.777745 0.497571
8.74 0.616863 -0.783992 0.497582
8.75 0.608962 -0.790161 0.497594
8.76 0.600999 -0.79625 0.497607
8.77 0.592977 -0.80226 0.497621
8.78 0.584895 -0.80819 0.497636
8.79 0.576754 -0.814039 0.497652
8.8 0.568556 -0.819806 0.497669
8.81 0.560301 -0.825492 0.497687
8.82 0.55199 -0.831095 0.497706
8.83 0.543624 -0.836615 0.497726
8.84 0.535204 -0.842051 0.497747
8.85 0.52673 -0.847403 0.497768
8.86 0.518203 -0.852671 0.497791
8.87 0.509625 -0.857853 0.497814
8.88 0.500995 -0.862949 0.497838
8.89 0.492315 -0.867959 0.497863
8.9 0.483587 -0.872882 0.497889
8.91 0.474809 -0.877718 0.497916
8.92 0.465985 -0.882466 0.497944
8.93 0.457114 -0.887126 0.497972
8.94 0.448197 -0.891697 0.498002
8.95 0.439235 -0.896179 0.498032
8.96 0.430229 -0.900571 0.498063
8.97 0.42118 -0.904873 0.498094
8.98 0.412089 -0.909085 0.498127
8.99 0.402957 -0.913206 0.49816
9 0.393785 -0.917236 0.498194
9.01 0.384573 -0.921174 0.498229
9.02 0.375323 -0.925019 0.498264
9.03 0.366035 -0.928773 0.4983
9.04 0.356711 -0.932433 0.498337
9.05 0.347351 -0.936 0.498374
9.06 0.337956 -0.939474 0.498412
9.07 0.328528 -0.942853 0.498451
9.08 0.319066 -0.946138 0.498491
9.09 0.309573 -0.949329 0.498531
9.1 0.300049 -0.952425 0.498571
9.11 0.290495 -0.955425 0.498612
9.12 0.280911 -0.95833 0.498654
9.13 0.2713 -0.961139 0.498696
9.14 0.261661 -0.963852 0.498739
9.15 0.251997 -0.966469 0.498782
9.16 0.242307 -0.968989 0.498826
9.17 0.232593 -0.971412 0.49887
9.18 0.222855 -0.973738 0.498915
9.19 0.213096 -0.975966 0.49896
9.2 0.203315 -0.978097 0.499006
9.21 0.193513 -0.980131 0.499052
9.22 0.183693 -0.982066 0.499098
9.23 0.173854 -0.983903 0.499145
9.24 0.163997 -0.985641 0.499192
9.25 0.154124 -0.987281 0.499239
9.26 0.144236 -0.988822 0.499287
9.27 0.134334 -0.990265 0.499335
9.28 0.124418 -0.991608 0.499383
9.29 0.114489 -0.992852 0.499432
9.3 0.104549 -0.993997 0.49948
9.31 0.0945986 -0.995043 0.499529
9.32 0.0846387 -0.995989 0.499579
9.33 0.0746704 -0.996835 0.499628
9.34 0.0646946 -0.997582 0.499677
9.35 0.0547123 -0.998229 0.499727
9.36 0.0447245 -0.998776 0.499777
9.37 0.0347323 -0.999223 0.499826
9.38 0.0247366 -0.99957 0.499876
9.39 0.0147384 -0.999818 0.499926
9.4 0.00473875 -0.999965 0.499976
9.41 -0.00526137 -1.00001 0.500026
9.42 -0.015261 -0.99996 0.500076
9.43 -0.025259 -0.999807 0.500126
9.44 -0.0352546 -0.999555 0.500176
9.45 -0.0452466 -0.999202 0.500226
9.46 -0.0552341 -0.99875 0.500276
9.47 -0.0652161 -0.998197 0.500325
9.48 -0.0751915 -0.997545 0.500375
9.49 -0.0851595 -0.996793 0.500424
9.5 -0.0951189 -0.995942 0.500474
9.51 -0.105069 -0.99499 0.500523
9.52 -0.115008 -0.99394 0.500572
9.53 -0.124936 -0.99279 0.50062
9.54 -0.134851 -0.99154 0.500669
9.55 -0.144753 -0.990192 0.500717
9.56 -0.154641 -0.988744 0.500765
9.57 -0.164513 -0.987198 0.500812
9.58 -0.174368 -0.985553 0.500859
9.59 -0.184206 -0.983809 0.500906
9.6 -0.194026 -0.981967 0.500953
9.61 -0.203826 -0.980027 0.500999
9.62 -0.213606 -0.977988 0.501045
9.63 -0.223365 -0.975852 0.50109
9.64 -0.233101 -0.973619 0.501135
9.65 -0.242814 -0.971288 0.501179
9.66 -0.252502 -0.96886 0.501223
9.67 -0.262166 -0.966335 0.501267
9.68 -0.271803 -0.963713 0.50131
9.69 -0.281413 -0.960995 0.501352
9.7 -0.290995 -0.958181 0.501394
9.71 -0.300547 -0.955271 0.501436
9.72 -0.31007 -0.952265 0.501476
9.73 -0.319562 -0.949165 0.501517
9.74 -0.329021 -0.945969 0.501556
9.75 -0.338448 -0.942679 0.501595
9.76 -0.347841 -0.939294 0.501634
9.77 -0.357199 -0.935816 0.501671
9.78 -0.366522 -0.932244 0.501708
9.79 -0.375807 -0.928579 0.501745
9.8 -0.385056 -0.924821 0.501781
9.81 -0.394265 -0.92097 0.501816
9.82 -0.403436 -0.917027 0.50185
9.83 -0.412566 -0.912993 0.501883
9.84 -0.421654 -0.908867 0.501916
9.85 -0.430701 -0.904651 0.501948
9.86 -0.439704 -0.900344 0.501979
9.87 -0.448664 -0.895947 0.50201
9.88 -0.457578 -0.89146 0.50204
9.89 -0.466447 -0.886884 0.502068
9.9 -0.475269 -0.88222 0.502096
9.91 -0.484044 -0.877467 0.502124
9.92 -0.49277 -0.872627 0.50215
9.93 -0.501447 -0.867699 0.502176
9.94 -0.510074 -0.862685 0.5022
9.95 -0.51865 -0.857584 0.502224
9.96 -0.527174 -0.852397 0.502247
9.97 -0.535645 -0.847126 0.502269
9.98 -0.544063 -0.841769 0.50229
9.99 -0.552426 -0.836329 0.50231
10 -0.560734 -0.830804 0.502329
