-3.5 -3.5 1 0.0186516
-3.5 -3.49417 1 0.0316737
-3.5 -3.48833 1 0.0227045
-3.5 -3.4825 1 0.0188857
-3.5 -3.47667 1 0.0335866
-3.5 -3.47083 1 0.0187913
-3.5 -3.465 1 0.0182607
-3.5 -3.45917 1 0.0178355
-3.5 -3.45333 2 0.0319205
-3.5 -3.4475 2 0.0157087
-3.5 -3.44167 2 0.0178261
-3.5 -3.43583 2 0.0173951
-3.5 -3.43 3 0.0214204
-3.5 -3.42417 1 0.0190327
-3.5 -3.41833 1 0.0192835
-3.5 -3.4125 2 0.0289529
-3.5 -3.40667 1 0.0197836
-3.5 -3.40083 2 0.0303534
-3.5 -3.395 3 0.0345203
-3.5 -3.38917 1 0.0181137
-3.5 -3.38333 1 0.0194353
-3.5 -3.3775 1 0.0194907
-3.5 -3.37167 1 0.0179639
-3.5 -3.36583 1 0.0183606
-3.5 -3.36 2 0.0184787
-3.5 -3.35417 2 0.0150642
-3.5 -3.34833 2 0.0265226
-3.5 -3.3425 1 0.0191247
-3.5 -3.33667 3 0.0237564
-3.5 -3.33083 2 0.0282082
-3.5 -3.325 2 0.0237937
-3.5 -3.31917 2 0.827099
-3.5 -3.31333 2 0.0231708
-3.5 -3.3075 2 0.0295735
-3.5 -3.30167 2 0.0229706
-3.5 -3.29583 2 0.0146166
-3.5 -3.29 1 0.737414
-3.5 -3.28417 1 0.0332367
-3.5 -3.27833 2 0.870997
-3.5 -3.2725 2 0.0298743
-3.5 -3.26667 2 0.0346232
-3.5 -3.26083 2 0.0322512
-3.5 -3.255 2 0.0277571
-3.5 -3.24917 1 0.0332448
-3.5 -3.24333 2 0.0253888
-3.5 -3.2375 2 0.0309719
-3.5 -3.23167 3 0.0238311
-3.5 -3.22583 3 0.0298244
-3.5 -3.22 3 0.0225146
-3.5 -3.21417 2 0.0141939
-3.5 -3.20833 2 0.0243155
-3.5 -3.2025 2 0.0284573
-3.5 -3.19667 1 0.0182812
-3.5 -3.19083 3 0.0283641
-3.5 -3.185 3 0.0287252
-3.5 -3.17917 1 0.0332879
-3.5 -3.17333 1 0.0335203
-3.5 -3.1675 2 0.0262061
-3.5 -3.16167 3 0.0152891
-3.5 -3.15583 3 0.0356896
-3.5 -3.15 3 0.0151919
-3.5 -3.14417 3 0.0239362
-3.5 -3.13833 3 0.0334661
-3.5 -3.1325 3 0.0239566
-3.5 -3.12667 3 0.0153727
-3.5 -3.12083 3 0.0203776
-3.5 -3.115 2 0.022389
-3.5 -3.10917 1 0.0316893
-3.5 -3.10333 1 0.0185549
-3.5 -3.0975 1 0.0180597
-3.5 -3.09167 3 0.0151309
-3.5 -3.08583 3 0.0291271
-3.5 -3.08 1 0.018753
-3.5 -3.07417 1 0.0216639
-3.5 -3.06833 1 0.0183527
-3.5 -3.0625 2 0.0173454
-3.5 -3.05667 2 0.028525
-3.5 -3.05083 3 0.0162745
-3.5 -3.045 3 0.0157752
-3.5 -3.03917 3 0.0170699
-3.5 -3.03333 3 0.0153337
-3.5 -3.0275 3 0.0354132
-3.5 -3.02167 3 0.0160377
-3.5 -3.01583 1 0.0195133
-3.5 -3.01 2 0.0235324
-3.5 -3.00417 2 0.727003
-3.5 -2.99833 2 0.0213619
-3.5 -2.9925 1 0.0277926
-3.5 -2.98667 1 0.0193404
-3.5 -2.98083 1 0.875663
-3.5 -2.975 1 0.764619
-3.5 -2.96917 1 0.773036
-3.5 -2.96333 1 0.764587
-3.5 -2.9575 1 0.725072
-3.5 -2.95167 1 0.72685
-3.5 -2.94583 1 0.855006
-3.5 -2.94 2 0.84483
-3.5 -2.93417 2 0.806381
-3.5 -2.92833 2 0.0243565
-3.5 -2.9225 2 0.843312
-3.5 -2.91667 1 0.0180913
-3.5 -2.91083 1 0.0178453
-3.5 -2.905 1 0.0193862
-3.5 -2.89917 1 0.033681
-3.5 -2.89333 1 0.0323561
-3.5 -2.8875 1 0.018456
-3.5 -2.88167 1 0.0189167
-3.5 -2.87583 1 0.0188768
-3.5 -2.87 1 0.0179877
-3.5 -2.86417 3 0.0237374
-3.5 -2.85833 3 0.0285473
-3.5 -2.8525 3 0.0242929
-3.5 -2.84667 3 0.0162242
-3.5 -2.84083 3 0.0201511
-3.5 -2.835 3 0.0235285
-3.5 -2.82917 3 0.0316774
-3.5 -2.82333 3 0.02081
-3.5 -2.8175 3 0.0167187
-3.5 -2.81167 3 0.0271676
-3.5 -2.80583 3 0.0229302
-3.5 -2.8 1 0.0186988
-3.5 -2.79417 1 0.032965
-3.5 -2.78833 1 0.0320222
-3.5 -2.7825 1 0.0221748
-3.5 -2.77667 1 0.0334185
-3.5 -2.77083 1 0.018072
-3.5 -2.765 1 0.0185793
-3.5 -2.75917 1 0.0178844
-3.5 -2.75333 1 0.0330627
-3.5 -2.7475 1 0.0334056
-3.5 -2.74167 1 0.726615
-3.5 -2.73583 2 0.858888
-3.5 -2.73 2 0.821228
-3.5 -2.72417 2 0.81642
-3.5 -2.71833 2 0.813104
-3.5 -2.7125 1 0.834888
-3.5 -2.70667 1 0.0185186
-3.5 -2.70083 1 0.0180394
-3.5 -2.695 2 0.0346444
-3.5 -2.68917 2 0.0164601
-3.5 -2.68333 2 0.0353653
-3.5 -2.6775 1 0.0234138
-3.5 -2.67167 3 0.034165
-3.5 -2.66583 3 0.0187344
-3.5 -2.66 3 0.0205166
-3.5 -2.65417 3 0.0228999
-3.5 -2.64833 3 0.0176322
-3.5 -2.6425 3 0.0241076
-3.5 -2.63667 3 0.0150968
-3.5 -2.63083 3 0.0218763
-3.5 -2.625 2 0.0139379
-3.5 -2.61917 1 0.0209161
-3.5 -2.61333 1 0.0192851
-3.5 -2.6075 1 0.0185804
-3.5 -2.60167 1 0.0323126
-3.5 -2.59583 1 0.0281461
-3.5 -2.59 1 0.0189723
-3.5 -2.58417 1 0.84179
-3.5 -2.57833 3 0.015313
-3.5 -2.5725 3 0.0229857
-3.5 -2.56667 2 0.016399
-3.5 -2.56083 2 0.0206605
-3.5 -2.555 2 0.867038
-3.5 -2.54917 1 0.0286116
-3.5 -2.54333 1 0.0183444
-3.5 -2.5375 1 0.0181327
-3.5 -2.53167 1 0.024899
-3.5 -2.52583 1 0.0206574
-3.5 -2.52 1 0.0182804
-3.5 -2.51417 1 0.0178078
-3.5 -2.50833 1 0.0192579
-3.5 -2.5025 1 0.800079
-3.5 -2.49667 2 0.0211819
-3.5 -2.49083 2 0.0335902
-3.5 -2.485 3 0.0235807
-3.5 -2.47917 3 0.0346505
-3.5 -2.47333 1 0.021249
-3.5 -2.4675 1 0.0187293
-3.5 -2.46167 1 0.0189302
-3.5 -2.45583 2 0.832029
-3.5 -2.45 2 0.0353808
-3.5 -2.44417 3 0.0184206
-3.5 -2.43833 3 0.0145582
-3.5 -2.4325 3 0.0149783
-3.5 -2.42667 3 0.0347322
-3.5 -2.42083 3 0.0249043
-3.5 -2.415 2 0.682192
-3.5 -2.40917 1 0.0218696
-3.5 -2.40333 1 0.0334106
-3.5 -2.3975 1 0.0325151
-3.5 -2.39167 2 0.0169455
-3.5 -2.38583 2 0.0227935
-3.5 -2.38 2 0.0292847
-3.5 -2.37417 2 0.0157779
-3.5 -2.36833 2 0.0241158
-3.5 -2.3625 2 0.0238875
-3.5 -2.35667 2 0.0296384
-3.5 -2.35083 1 0.0178904
-3.5 -2.345 1 0.017825
-3.5 -2.33917 1 0.793041
-3.5 -2.33333 1 0.0317627
-3.5 -2.3275 2 0.023639
-3.5 -2.32167 3 0.025677
-3.5 -2.31583 1 0.0187911
-3.5 -2.31 1 0.0330371
-3.5 -2.30417 1 0.0213368
-3.5 -2.29833 1 0.708044
-3.5 -2.2925 1 0.728062
-3.5 -2.28667 1 0.710754
-3.5 -2.28083 1 0.0338488
-3.5 -2.275 1 0.0325581
-3.5 -2.26917 1 0.0335118
-3.5 -2.26333 1 0.023987
-3.5 -2.2575 1 0.0318726
-3.5 -2.25167 1 0.698071
-3.5 -2.24583 1 0.0198465
-3.5 -2.24 2 0.0220699
-3.5 -2.23417 2 0.68501
-3.5 -2.22833 2 0.692027
-3.5 -2.2225 2 0.0187179
-3.5 -2.21667 2 0.72594
-3.5 -2.21083 2 0.0176959
-3.5 -2.205 2 0.0184938
-3.5 -2.19917 2 0.0248043
-3.5 -2.19333 1 0.0207031
-3.5 -2.1875 2 0.0159817
-3.5 -2.18167 2 0.01383
-3.5 -2.17583 3 0.0177996
-3.5 -2.17 3 0.0145355
-3.5 -2.16417 3 0.035659
-3.5 -2.15833 3 0.016473
-3.5 -2.1525 1 0.818345
-3.5 -2.14667 1 0.0335137
-3.5 -2.14083 1 0.0329829
-3.5 -2.135 3 0.0160772
-3.5 -2.12917 2 0.0296984
-3.5 -2.12333 2 0.0226764
-3.5 -2.1175 1 0.028148
-3.5 -2.11167 1 0.0240656
-3.5 -2.10583 1 0.01968
-3.5 -2.1 1 0.0330987
-3.5 -2.09417 1 0.033558
-3.5 -2.08833 1 0.018796
-3.5 -2.0825 1 0.0188435
-3.5 -2.07667 1 0.0333673
-3.5 -2.07083 1 0.0252703
-3.5 -2.065 2 0.871319
-3.5 -2.05917 2 0.0352821
-3.5 -2.05333 2 0.0281378
-3.5 -2.0475 3 0.0340392
-3.5 -2.04167 3 0.032667
-3.5 -2.03583 2 0.831814
-3.5 -2.03 1 0.0179407
-3.5 -2.02417 1 0.032949
-3.5 -2.01833 1 0.0336378
-3.5 -2.0125 1 0.0180046
-3.5 -2.00667 1 0.0180516
-3.5 -2.00083 1 0.702758
-3.5 -1.995 3 0.0239669
-3.5 -1.98917 2 0.0158044
-3.5 -1.98333 3 0.0279481
-3.5 -1.9775 3 0.0170893
-3.5 -1.97167 3 0.0168843
-3.5 -1.96583 3 0.0183426
-3.5 -1.96 3 0.0245742
-3.5 -1.95417 1 0.030348
-3.5 -1.94833 2 0.0287576
-3.5 -1.9425 3 0.0295415
-3.5 -1.93667 3 0.0162116
-3.5 -1.93083 3 0.0176968
-3.5 -1.925 3 0.024297
-3.5 -1.91917 3 0.0292622
-3.5 -1.91333 3 0.015344
-3.5 -1.9075 3 0.0155396
-3.5 -1.90167 3 0.0216096
-3.5 -1.89583 3 0.0293589
-3.5 -1.89 2 0.0310267
-3.5 -1.88417 2 0.0194247
-3.5 -1.87833 2 0.710039
-3.5 -1.8725 2 0.0333434
-3.5 -1.86667 2 0.024147
-3.5 -1.86083 2 0.0132972
-3.5 -1.855 2 0.0232396
-3.5 -1.84917 2 0.0354953
-3.5 -1.84333 2 0.0246503
-3.5 -1.8375 2 0.0242055
-3.5 -1.83167 2 0.0240399
-3.5 -1.82583 2 0.0295382
-3.5 -1.82 2 0.0159832
-3.5 -1.81417 2 0.03302
-3.5 -1.80833 2 0.0347529
-3.5 -1.8025 2 0.0244587
-3.5 -1.79667 2 0.0228627
-3.5 -1.79083 2 0.0243495
-3.5 -1.785 2 0.0249098
-3.5 -1.77917 2 0.699532
-3.5 -1.77333 2 0.697008
-3.5 -1.7675 2 0.685138
-3.5 -1.76167 2 0.0232606
-3.5 -1.75583 2 0.0147214
-3.5 -1.75 2 0.0277047
-3.5 -1.74417 2 0.0237714
-3.5 -1.73833 2 0.0255617
-3.5 -1.7325 2 0.655153
-3.5 -1.72667 2 0.0183451
-3.5 -1.72083 2 0.0288817
-3.5 -1.715 2 0.0237886
-3.5 -1.70917 2 0.0283503
-3.5 -1.70333 2 0.0282503
-3.5 -1.6975 2 0.0282019
-3.5 -1.69167 2 0.0245676
-3.5 -1.68583 2 0.0188963
-3.5 -1.68 2 0.0236828
-3.5 -1.67417 2 0.0289739
-3.5 -1.66833 1 0.0195863
-3.5 -1.6625 1 0.0328485
-3.5 -1.65667 1 0.0232718
-3.5 -1.65083 1 0.0180941
-3.5 -1.645 1 0.0316713
-3.5 -1.63917 1 0.0188966
-3.5 -1.63333 1 0.0180217
-3.5 -1.6275 1 0.0308418
-3.5 -1.62167 1 0.0328956
-3.5 -1.61583 2 0.0238557
-3.5 -1.61 2 0.0193595
-3.5 -1.60417 2 0.0159012
-3.5 -1.59833 2 0.0230819
-3.5 -1.5925 3 0.0303794
-3.5 -1.58667 3 0.0216689
-3.5 -1.58083 3 0.0144823
-3.5 -1.575 3 0.0150762
-3.5 -1.56917 3 0.0159918
-3.5 -1.56333 3 0.0358209
-3.5 -1.5575 3 0.0141089
-3.5 -1.55167 3 0.014929
-3.5 -1.54583 3 0.0164582
-3.5 -1.54 3 0.0144886
-3.5 -1.53417 3 0.021519
-3.5 -1.52833 3 0.0145123
-3.5 -1.5225 3 0.0148131
-3.5 -1.51667 3 0.0349893
-3.5 -1.51083 3 0.0172045
-3.5 -1.505 3 0.0280495
-3.5 -1.49917 2 0.0290473
-3.5 -1.49333 2 0.0232824
-3.5 -1.4875 2 0.0245226
-3.5 -1.48167 1 0.0200469
-3.5 -1.47583 1 0.020868
-3.5 -1.47 1 0.0189376
-3.5 -1.46417 1 0.0195165
-3.5 -1.45833 1 0.0274722
-3.5 -1.4525 1 0.0334166
-3.5 -1.44667 1 0.0200122
-3.5 -1.44083 2 0.0284662
-3.5 -1.435 2 0.0338939
-3.5 -1.42917 2 0.0242012
-3.5 -1.42333 2 0.0241484
-3.5 -1.4175 2 0.0184377
-3.5 -1.41167 2 0.0290653
-3.5 -1.40583 2 0.0211942
-3.5 -1.4 2 0.0220248
-3.5 -1.39417 2 0.0217527
-3.5 -1.38833 2 0.028254
-3.5 -1.3825 2 0.0279767
-3.5 -1.37667 2 0.0322598
-3.5 -1.37083 2 0.0231396
-3.5 -1.365 2 0.0293702
-3.5 -1.35917 2 0.02914
-3.5 -1.35333 2 0.0276008
-3.5 -1.3475 2 0.0256733
-3.5 -1.34167 3 0.0159314
-3.5 -1.33583 3 0.0245013
-3.5 -1.33 1 0.0181808
-3.5 -1.32417 3 0.0146546
-3.5 -1.31833 1 0.032995
-3.5 -1.3125 1 0.0223886
-3.5 -1.30667 2 0.0297479
-3.5 -1.30083 1 0.0221315
-3.5 -1.295 2 0.0150599
-3.5 -1.28917 2 0.0174126
-3.5 -1.28333 2 0.0354948
-3.5 -1.2775 3 0.0239883
-3.5 -1.27167 3 0.034835
-3.5 -1.26583 3 0.0289091
-3.5 -1.26 3 0.0229715
-3.5 -1.25417 3 0.0245896
-3.5 -1.24833 3 0.0280192
-3.5 -1.2425 3 0.0287627
-3.5 -1.23667 3 0.0245742
-3.5 -1.23083 3 0.0229628
-3.5 -1.225 3 0.0178251
-3.5 -1.21917 3 0.0311435
-3.5 -1.21333 3 0.03203
-3.5 -1.2075 3 0.0176095
-3.5 -1.20167 3 0.0314271
-3.5 -1.19583 3 0.0295744
-3.5 -1.19 3 0.0185585
-3.5 -1.18417 3 0.0247966
-3.5 -1.17833 3 0.0240909
-3.5 -1.1725 3 0.0236289
-3.5 -1.16667 3 0.0352605
-3.5 -1.16083 3 0.0324709
-3.5 -1.155 3 0.0233802
-3.5 -1.14917 3 0.0236902
-3.5 -1.14333 3 0.0242912
-3.5 -1.1375 1 0.0311294
-3.5 -1.13167 1 0.0225578
-3.5 -1.12583 1 0.0264391
-3.5 -1.12 1 0.0181735
-3.5 -1.11417 1 0.0187955
-3.5 -1.10833 1 0.0186256
-3.5 -1.1025 1 0.0321827
-3.5 -1.09667 1 0.0280791
-3.5 -1.09083 1 0.0278897
-3.5 -1.085 1 0.0299936
-3.5 -1.07917 1 0.0181874
-3.5 -1.07333 1 0.0191123
-3.5 -1.0675 1 0.0189626
-3.5 -1.06167 1 0.0187362
-3.5 -1.05583 1 0.0189574
-3.5 -1.05 3 0.0248328
-3.5 -1.04417 3 0.025476
-3.5 -1.03833 3 0.0281182
-3.5 -1.0325 3 0.0235088
-3.5 -1.02667 3 0.0336875
-3.5 -1.02083 3 0.0301498
-3.5 -1.015 2 0.0225692
-3.5 -1.00917 2 0.0186355
-3.5 -1.00333 2 0.0139163
-3.5 -0.9975 2 0.0350848
-3.5 -0.991667 2 0.016436
-3.5 -0.985833 2 0.0148694
-3.5 -0.98 2 0.0355126
-3.5 -0.974167 2 0.0148217
-3.5 -0.968333 2 0.0182351
-3.5 -0.9625 2 0.018215
-3.5 -0.956667 2 0.0162349
-3.5 -0.950833 2 0.0296511
-3.5 -0.945 2 0.0226773
-3.5 -0.939167 2 0.0257121
-3.5 -0.933333 2 0.0227251
-3.5 -0.9275 2 0.0246545
-3.5 -0.921667 2 0.0248187
-3.5 -0.915833 2 0.0240897
-3.5 -0.91 2 0.0233747
-3.5 -0.904167 2 0.0172172
-3.5 -0.898333 2 0.0351517
-3.5 -0.8925 2 0.0154692
-3.5 -0.886667 2 0.017403
-3.5 -0.880833 2 0.0163601
-3.5 -0.875 2 0.0175212
-3.5 -0.869167 2 0.0148195
-3.5 -0.863333 2 0.0199565
-3.5 -0.8575 2 0.0229159
-3.5 -0.851667 2 0.0144882
-3.5 -0.845833 2 0.0156952
-3.5 -0.84 2 0.01691
-3.5 -0.834167 2 0.016577
-3.5 -0.828333 2 0.0163903
-3.5 -0.8225 2 0.0163415
-3.5 -0.816667 2 0.0164362
-3.5 -0.810833 2 0.0166919
-3.5 -0.805 2 0.0156184
-3.5 -0.799167 2 0.0161386
-3.5 -0.793333 2 0.0153579
-3.5 -0.7875 2 0.0161725
-3.5 -0.781667 2 0.0156181
-3.5 -0.775833 2 0.0151986
-3.5 -0.77 2 0.0148954
-3.5 -0.764167 2 0.014696
-3.5 -0.758333 2 0.0145934
-3.5 -0.7525 2 0.0145858
-3.5 -0.746667 2 0.0146756
-3.5 -0.740833 2 0.0199701
-3.5 -0.735 2 0.0202683
-3.5 -0.729167 2 0.0140132
-3.5 -0.723333 2 0.0196146
-3.5 -0.7175 2 0.0201856
-3.5 -0.711667 2 0.0141637
-3.5 -0.705833 2 0.0200934
-3.5 -0.7 2 0.0194459
-3.5 -0.694167 2 0.0137532
-3.5 -0.688333 2 0.0199966
-3.5 -0.6825 2 0.0197065
-3.5 -0.676667 2 0.0143847
-3.5 -0.670833 2 0.0143875
-3.5 -0.665 2 0.0145495
-3.5 -0.659167 2 0.014887
-3.5 -0.653333 2 0.0139936
-3.5 -0.6475 2 0.0146539
-3.5 -0.641667 2 0.0155985
-3.5 -0.635833 2 0.0152473
-3.5 -0.63 2 0.015131
-3.5 -0.624167 2 0.0152269
-3.5 -0.618333 2 0.0155398
-3.5 -0.6125 2 0.0143998
-3.5 -0.606667 2 0.0209521
-3.5 -0.600833 2 0.020143
-3.5 -0.595 2 0.0174163
-3.5 -0.589167 2 0.0361758
-3.5 -0.583333 2 0.0153188
-3.5 -0.5775 2 0.0225362
-3.5 -0.571667 2 0.0354384
-3.5 -0.565833 2 0.0164053
-3.5 -0.56 2 0.0350688
-3.5 -0.554167 2 0.0171302
-3.5 -0.548333 2 0.0289602
-3.5 -0.5425 2 0.0245087
-3.5 -0.536667 2 0.0237003
-3.5 -0.530833 2 0.029673
-3.5 -0.525 2 0.0293312
-3.5 -0.519167 2 0.0234403
-3.5 -0.513333 2 0.0259201
-3.5 -0.5075 2 0.0142199
-3.5 -0.501667 2 0.0180529
-3.5 -0.495833 2 0.017554
-3.5 -0.49 2 0.0155616
-3.5 -0.484167 2 0.0158673
-3.5 -0.478333 2 0.0158732
-3.5 -0.4725 2 0.0156986
-3.5 -0.466667 2 0.0151293
-3.5 -0.460833 2 0.0349224
-3.5 -0.455 2 0.0348077
-3.5 -0.449167 2 0.0155972
-3.5 -0.443333 2 0.028984
-3.5 -0.4375 2 0.833136
-3.5 -0.431667 3 0.0239094
-3.5 -0.425833 2 0.878902
-3.5 -0.42 3 0.0237659
-3.5 -0.414167 3 0.0165849
-3.5 -0.408333 3 0.0295562
-3.5 -0.4025 3 0.022892
-3.5 -0.396667 3 0.0327687
-3.5 -0.390833 3 0.0333621
-3.5 -0.385 1 0.0314541
-3.5 -0.379167 1 0.022447
-3.5 -0.373333 1 0.0184706
-3.5 -0.3675 1 0.0289506
-3.5 -0.361667 1 0.017855
-3.5 -0.355833 1 0.0189024
-3.5 -0.35 1 0.018981
-3.5 -0.344167 1 0.0182058
-3.5 -0.338333 1 0.0185472
-3.5 -0.3325 1 0.0184857
-3.5 -0.326667 1 0.0175654
-3.5 -0.320833 1 0.0234503
-3.5 -0.315 1 0.0338449
-3.5 -0.309167 1 0.0187274
-3.5 -0.303333 1 0.0184411
-3.5 -0.2975 1 0.0320627
-3.5 -0.291667 1 0.0206527
-3.5 -0.285833 3 0.812117
-3.5 -0.28 3 0.0250045
-3.5 -0.274167 3 0.0221292
-3.5 -0.268333 3 0.0236358
-3.5 -0.2625 3 0.0241793
-3.5 -0.256667 3 0.0224828
-3.5 -0.250833 3 0.0336118
-3.5 -0.245 3 0.016582
-3.5 -0.239167 3 0.0289426
-3.5 -0.233333 3 0.0236779
-3.5 -0.2275 3 0.0294858
-3.5 -0.221667 3 0.0239719
-3.5 -0.215833 3 0.0243444
-3.5 -0.21 3 0.0238897
-3.5 -0.204167 3 0.0236198
-3.5 -0.198333 3 0.0244508
-3.5 -0.1925 3 0.0245088
-3.5 -0.186667 3 0.0302173
-3.5 -0.180833 3 0.030065
-3.5 -0.175 3 0.0242022
-3.5 -0.169167 3 0.022563
-3.5 -0.163333 3 0.0297761
-3.5 -0.1575 3 0.0217902
-3.5 -0.151667 3 0.0224879
-3.5 -0.145833 3 0.021777
-3.5 -0.14 3 0.0302073
-3.5 -0.134167 3 0.0301321
-3.5 -0.128333 3 0.0278636
-3.5 -0.1225 3 0.0244508
-3.5 -0.116667 3 0.0202939
-3.5 -0.110833 3 0.0165602
-3.5 -0.105 3 0.0184394
-3.5 -0.0991667 3 0.0185984
-3.5 -0.0933333 3 0.0339282
-3.5 -0.0875 3 0.0271153
-3.5 -0.0816667 3 0.0240354
-3.5 -0.0758333 3 0.0289678
-3.5 -0.07 3 0.0243077
-3.5 -0.0641667 2 0.029126
-3.5 -0.0583333 2 0.0162786
-3.5 -0.0525 2 0.0156349
-3.5 -0.0466667 2 0.0147044
-3.5 -0.0408333 2 0.0148083
-3.5 -0.035 2 0.0144057
-3.5 -0.0291667 2 0.856573
-3.5 -0.0233333 2 0.844929
-3.5 -0.0175 2 0.0234769
-3.5 -0.0116667 2 0.0327917
-3.5 -0.00583333 1 0.0308716
-3.5 1.30746e-14 1 0.722698
-3.5 0.00583333 1 0.0308716
-3.5 0.0116667 3 0.0327917
-3.5 0.0175 3 0.0234769
-3.5 0.0233333 3 0.844929
-3.5 0.0291667 3 0.856573
-3.5 0.035 3 0.0144057
-3.5 0.0408333 3 0.0148083
-3.5 0.0466667 3 0.0147044
-3.5 0.0525 3 0.0156349
-3.5 0.0583333 3 0.0162786
-3.5 0.0641667 3 0.029126
-3.5 0.07 2 0.0243077
-3.5 0.0758333 2 0.0289678
-3.5 0.0816667 2 0.0240354
-3.5 0.0875 2 0.0271153
-3.5 0.0933333 2 0.0339282
-3.5 0.0991667 2 0.0185984
-3.5 0.105 2 0.0184394
-3.5 0.110833 2 0.0165602
-3.5 0.116667 2 0.0202939
-3.5 0.1225 2 0.0244508
-3.5 0.128333 2 0.0278636
-3.5 0.134167 2 0.0301321
-3.5 0.14 2 0.0302073
-3.5 0.145833 2 0.021777
-3.5 0.151667 2 0.0224879
-3.5 0.1575 2 0.0217902
-3.5 0.163333 2 0.0297761
-3.5 0.169167 2 0.022563
-3.5 0.175 2 0.0242022
-3.5 0.180833 2 0.030065
-3.5 0.186667 2 0.0302173
-3.5 0.1925 2 0.0245088
-3.5 0.198333 2 0.0244508
-3.5 0.204167 2 0.0236198
-3.5 0.21 2 0.0238897
-3.5 0.215833 2 0.0243444
-3.5 0.221667 2 0.0239719
-3.5 0.2275 2 0.0294858
-3.5 0.233333 2 0.0236779
-3.5 0.239167 2 0.0289426
-3.5 0.245 2 0.016582
-3.5 0.250833 2 0.0336118
-3.5 0.256667 2 0.0224828
-3.5 0.2625 2 0.0241793
-3.5 0.268333 2 0.0236358
-3.5 0.274167 2 0.0221292
-3.5 0.28 2 0.0250045
-3.5 0.285833 2 0.812117
-3.5 0.291667 1 0.0206527
-3.5 0.2975 1 0.0320627
-3.5 0.303333 1 0.0184411
-3.5 0.309167 1 0.0187274
-3.5 0.315 1 0.0338449
-3.5 0.320833 1 0.0234503
-3.5 0.326667 1 0.0175654
-3.5 0.3325 1 0.0184857
-3.5 0.338333 1 0.0185472
-3.5 0.344167 1 0.0182058
-3.5 0.35 1 0.018981
-3.5 0.355833 1 0.0189024
-3.5 0.361667 1 0.017855
-3.5 0.3675 1 0.0289506
-3.5 0.373333 1 0.0184706
-3.5 0.379167 1 0.022447
-3.5 0.385 1 0.0314541
-3.5 0.390833 2 0.0333621
-3.5 0.396667 2 0.0327687
-3.5 0.4025 2 0.022892
-3.5 0.408333 2 0.0295562
-3.5 0.414167 2 0.0165849
-3.5 0.42 2 0.0237659
-3.5 0.425833 3 0.878902
-3.5 0.431667 2 0.0239094
-3.5 0.4375 3 0.833136
-3.5 0.443333 3 0.028984
-3.5 0.449167 3 0.0155972
-3.5 0.455 3 0.0348077
-3.5 0.460833 3 0.0349224
-3.5 0.466667 3 0.0151293
-3.5 0.4725 3 0.0156986
-3.5 0.478333 3 0.0158732
-3.5 0.484167 3 0.0158673
-3.5 0.49 3 0.0155616
-3.5 0.495833 3 0.017554
-3.5 0.501667 3 0.0180529
-3.5 0.5075 3 0.0142199
-3.5 0.513333 3 0.0259201
-3.5 0.519167 3 0.0234403
-3.5 0.525 3 0.0293312
-3.5 0.530833 3 0.029673
-3.5 0.536667 3 0.0237003
-3.5 0.5425 3 0.0245087
-3.5 0.548333 3 0.0289602
-3.5 0.554167 3 0.0171302
-3.5 0.56 3 0.0350688
-3.5 0.565833 3 0.0164053
-3.5 0.571667 3 0.0354384
-3.5 0.5775 3 0.0225362
-3.5 0.583333 3 0.0153188
-3.5 0.589167 3 0.0361758
-3.5 0.595 3 0.0174163
-3.5 0.600833 3 0.020143
-3.5 0.606667 3 0.0209521
-3.5 0.6125 3 0.0143998
-3.5 0.618333 3 0.0155398
-3.5 0.624167 3 0.0152269
-3.5 0.63 3 0.015131
-3.5 0.635833 3 0.0152473
-3.5 0.641667 3 0.0155985
-3.5 0.6475 3 0.0146539
-3.5 0.653333 3 0.0139936
-3.5 0.659167 3 0.014887
-3.5 0.665 3 0.0145495
-3.5 0.670833 3 0.0143875
-3.5 0.676667 3 0.0143847
-3.5 0.6825 3 0.0197065
-3.5 0.688333 3 0.0199966
-3.5 0.694167 3 0.0137532
-3.5 0.7 3 0.0194459
-3.5 0.705833 3 0.0200934
-3.5 0.711667 3 0.0141637
-3.5 0.7175 3 0.0201856
-3.5 0.723333 3 0.0196146
-3.5 0.729167 3 0.0140132
-3.5 0.735 3 0.0202683
-3.5 0.740833 3 0.0199701
-3.5 0.746667 3 0.0146756
-3.5 0.7525 3 0.0145858
-3.5 0.758333 3 0.0145934
-3.5 0.764167 3 0.014696
-3.5 0.77 3 0.0148954
-3.5 0.775833 3 0.0151986
-3.5 0.781667 3 0.0156181
-3.5 0.7875 3 0.0161725
-3.5 0.793333 3 0.0153579
-3.5 0.799167 3 0.0161386
-3.5 0.805 3 0.0156184
-3.5 0.810833 3 0.0166919
-3.5 0.816667 3 0.0164362
-3.5 0.8225 3 0.0163415
-3.5 0.828333 3 0.0163903
-3.5 0.834167 3 0.016577
-3.5 0.84 3 0.01691
-3.5 0.845833 3 0.0156952
-3.5 0.851667 3 0.0144882
-3.5 0.8575 3 0.0229159
-3.5 0.863333 3 0.0199565
-3.5 0.869167 3 0.0148195
-3.5 0.875 3 0.0175212
-3.5 0.880833 3 0.0163601
-3.5 0.886667 3 0.017403
-3.5 0.8925 3 0.0154692
-3.5 0.898333 3 0.0351517
-3.5 0.904167 3 0.0172172
-3.5 0.91 3 0.0233747
-3.5 0.915833 3 0.0240897
-3.5 0.921667 3 0.0248187
-3.5 0.9275 3 0.0246545
-3.5 0.933333 3 0.0227251
-3.5 0.939167 3 0.0257121
-3.5 0.945 3 0.0226773
-3.5 0.950833 3 0.0296511
-3.5 0.956667 3 0.0162349
-3.5 0.9625 3 0.018215
-3.5 0.968333 3 0.0182351
-3.5 0.974167 3 0.0148217
-3.5 0.98 3 0.0355126
-3.5 0.985833 3 0.0148694
-3.5 0.991667 3 0.016436
-3.5 0.9975 3 0.0350848
-3.5 1.00333 3 0.0139163
-3.5 1.00917 3 0.0186355
-3.5 1.015 3 0.0225692
-3.5 1.02083 2 0.0301498
-3.5 1.02667 2 0.0336875
-3.5 1.0325 2 0.0235088
-3.5 1.03833 2 0.0281182
-3.5 1.04417 2 0.025476
-3.5 1.05 2 0.0248328
-3.5 1.05583 1 0.0189574
-3.5 1.06167 1 0.0187362
-3.5 1.0675 1 0.0189626
-3.5 1.07333 1 0.0191123
-3.5 1.07917 1 0.0181874
-3.5 1.085 1 0.0299936
-3.5 1.09083 1 0.0278897
-3.5 1.09667 1 0.0280791
-3.5 1.1025 1 0.0321827
-3.5 1.10833 1 0.0186256
-3.5 1.11417 1 0.0187955
-3.5 1.12 1 0.0181735
-3.5 1.12583 1 0.0264391
-3.5 1.13167 1 0.0225578
-3.5 1.1375 1 0.0311294
-3.5 1.14333 2 0.0242912
-3.5 1.14917 2 0.0236902
-3.5 1.155 2 0.0233802
-3.5 1.16083 2 0.0324709
-3.5 1.16667 2 0.0352605
-3.5 1.1725 2 0.0236289
-3.5 1.17833 2 0.0240909
-3.5 1.18417 2 0.0247966
-3.5 1.19 2 0.0185585
-3.5 1.19583 2 0.0295744
-3.5 1.20167 2 0.0314271
-3.5 1.2075 2 0.0176095
-3.5 1.21333 2 0.03203
-3.5 1.21917 2 0.0311435
-3.5 1.225 2 0.0178251
-3.5 1.23083 2 0.0229628
-3.5 1.23667 2 0.0245742
-3.5 1.2425 2 0.0287627
-3.5 1.24833 2 0.0280192
-3.5 1.25417 2 0.0245896
-3.5 1.26 2 0.0229715
-3.5 1.26583 2 0.0289091
-3.5 1.27167 2 0.034835
-3.5 1.2775 2 0.0239883
-3.5 1.28333 3 0.0354948
-3.5 1.28917 3 0.0174126
-3.5 1.295 3 0.0150599
-3.5 1.30083 1 0.0221315
-3.5 1.30667 3 0.0297479
-3.5 1.3125 1 0.0223886
-3.5 1.31833 1 0.032995
-3.5 1.32417 2 0.0146546
-3.5 1.33 1 0.0181808
-3.5 1.33583 2 0.0245013
-3.5 1.34167 2 0.0159314
-3.5 1.3475 3 0.0256733
-3.5 1.35333 3 0.0276008
-3.5 1.35917 3 0.02914
-3.5 1.365 3 0.0293702
-3.5 1.37083 3 0.0231396
-3.5 1.37667 3 0.0322598
-3.5 1.3825 3 0.0279767
-3.5 1.38833 3 0.028254
-3.5 1.39417 3 0.0217527
-3.5 1.4 3 0.0220248
-3.5 1.40583 3 0.0211942
-3.5 1.41167 3 0.0290653
-3.5 1.4175 3 0.0184377
-3.5 1.42333 3 0.0241484
-3.5 1.42917 3 0.0242012
-3.5 1.435 3 0.0338939
-3.5 1.44083 3 0.0284662
-3.5 1.44667 1 0.0200122
-3.5 1.4525 1 0.0334166
-3.5 1.45833 1 0.0274722
-3.5 1.46417 1 0.0195165
-3.5 1.47 1 0.0189376
-3.5 1.47583 1 0.020868
-3.5 1.48167 1 0.0200469
-3.5 1.4875 3 0.0245226
-3.5 1.49333 3 0.0232824
-3.5 1.49917 3 0.0290473
-3.5 1.505 2 0.0280495
-3.5 1.51083 2 0.0172045
-3.5 1.51667 2 0.0349893
-3.5 1.5225 2 0.0148131
-3.5 1.52833 2 0.0145123
-3.5 1.53417 2 0.021519
-3.5 1.54 2 0.0144886
-3.5 1.54583 2 0.0164582
-3.5 1.55167 2 0.014929
-3.5 1.5575 2 0.0141089
-3.5 1.56333 2 0.0358209
-3.5 1.56917 2 0.0159918
-3.5 1.575 2 0.0150762
-3.5 1.58083 2 0.0144823
-3.5 1.58667 2 0.0216689
-3.5 1.5925 2 0.0303794
-3.5 1.59833 3 0.0230819
-3.5 1.60417 3 0.0159012
-3.5 1.61 3 0.0193595
-3.5 1.61583 3 0.0238557
-3.5 1.62167 1 0.0328956
-3.5 1.6275 1 0.0308418
-3.5 1.63333 1 0.0180217
-3.5 1.63917 1 0.0188966
-3.5 1.645 1 0.0316713
-3.5 1.65083 1 0.0180941
-3.5 1.65667 1 0.0232718
-3.5 1.6625 1 0.0328485
-3.5 1.66833 1 0.0195863
-3.5 1.67417 3 0.0289739
-3.5 1.68 3 0.0236828
-3.5 1.68583 3 0.0188963
-3.5 1.69167 3 0.0245676
-3.5 1.6975 3 0.0282019
-3.5 1.70333 3 0.0282503
-3.5 1.70917 3 0.0283503
-3.5 1.715 3 0.0237886
-3.5 1.72083 3 0.0288817
-3.5 1.72667 3 0.0183451
-3.5 1.7325 3 0.655153
-3.5 1.73833 3 0.0255617
-3.5 1.74417 3 0.0237714
-3.5 1.75 3 0.0277047
-3.5 1.75583 3 0.0147214
-3.5 1.76167 3 0.0232606
-3.5 1.7675 3 0.685138
-3.5 1.77333 3 0.697008
-3.5 1.77917 3 0.699532
-3.5 1.785 3 0.0249098
-3.5 1.79083 3 0.0243495
-3.5 1.79667 3 0.0228627
-3.5 1.8025 3 0.0244587
-3.5 1.80833 3 0.0347529
-3.5 1.81417 3 0.03302
-3.5 1.82 3 0.0159832
-3.5 1.82583 3 0.0295382
-3.5 1.83167 3 0.0240399
-3.5 1.8375 3 0.0242055
-3.5 1.84333 3 0.0246503
-3.5 1.84917 3 0.0354953
-3.5 1.855 3 0.0232396
-3.5 1.86083 3 0.0132972
-3.5 1.86667 3 0.024147
-3.5 1.8725 3 0.0333434
-3.5 1.87833 3 0.710039
-3.5 1.88417 3 0.0194247
-3.5 1.89 3 0.0310267
-3.5 1.89583 2 0.0293589
-3.5 1.90167 2 0.0216096
-3.5 1.9075 2 0.0155396
-3.5 1.91333 2 0.015344
-3.5 1.91917 2 0.0292622
-3.5 1.925 2 0.024297
-3.5 1.93083 2 0.0176968
-3.5 1.93667 2 0.0162116
-3.5 1.9425 2 0.0295415
-3.5 1.94833 3 0.0287576
-3.5 1.95417 1 0.030348
-3.5 1.96 2 0.0245742
-3.5 1.96583 2 0.0183426
-3.5 1.97167 2 0.0168843
-3.5 1.9775 2 0.0170893
-3.5 1.98333 2 0.0279481
-3.5 1.98917 3 0.0158044
-3.5 1.995 2 0.0239669
-3.5 2.00083 1 0.702758
-3.5 2.00667 1 0.0180516
-3.5 2.0125 1 0.0180046
-3.5 2.01833 1 0.0336378
-3.5 2.02417 1 0.032949
-3.5 2.03 1 0.0179407
-3.5 2.03583 3 0.831814
-3.5 2.04167 2 0.032667
-3.5 2.0475 2 0.0340392
-3.5 2.05333 3 0.0281378
-3.5 2.05917 3 0.0352821
-3.5 2.065 3 0.871319
-3.5 2.07083 1 0.0252703
-3.5 2.07667 1 0.0333673
-3.5 2.0825 1 0.0188435
-3.5 2.08833 1 0.018796
-3.5 2.09417 1 0.033558
-3.5 2.1 1 0.0330987
-3.5 2.10583 1 0.01968
-3.5 2.11167 1 0.0240656
-3.5 2.1175 1 0.028148
-3.5 2.12333 3 0.0226764
-3.5 2.12917 3 0.0296984
-3.5 2.135 2 0.0160772
-3.5 2.14083 1 0.0329829
-3.5 2.14667 1 0.0335137
-3.5 2.1525 1 0.818345
-3.5 2.15833 2 0.016473
-3.5 2.16417 2 0.035659
-3.5 2.17 2 0.0145355
-3.5 2.17583 2 0.0177996
-3.5 2.18167 3 0.01383
-3.5 2.1875 3 0.0159817
-3.5 2.19333 1 0.0207031
-3.5 2.19917 3 0.0248043
-3.5 2.205 3 0.0184938
-3.5 2.21083 3 0.0176959
-3.5 2.21667 3 0.72594
-3.5 2.2225 3 0.0187179
-3.5 2.22833 3 0.692027
-3.5 2.23417 3 0.68501
-3.5 2.24 3 0.0220699
-3.5 2.24583 1 0.0198465
-3.5 2.25167 1 0.698071
-3.5 2.2575 1 0.0318726
-3.5 2.26333 1 0.023987
-3.5 2.26917 1 0.0335118
-3.5 2.275 1 0.0325581
-3.5 2.28083 1 0.0338488
-3.5 2.28667 1 0.710754
-3.5 2.2925 1 0.728062
-3.5 2.29833 1 0.708044
-3.5 2.30417 1 0.0213368
-3.5 2.31 1 0.0330371
-3.5 2.31583 1 0.0187911
-3.5 2.32167 2 0.025677
-3.5 2.3275 3 0.023639
-3.5 2.33333 1 0.0317627
-3.5 2.33917 1 0.793041
-3.5 2.345 1 0.017825
-3.5 2.35083 1 0.0178904
-3.5 2.35667 3 0.0296384
-3.5 2.3625 3 0.0238875
-3.5 2.36833 3 0.0241158
-3.5 2.37417 3 0.0157779
-3.5 2.38 3 0.0292847
-3.5 2.38583 3 0.0227935
-3.5 2.39167 3 0.0169455
-3.5 2.3975 1 0.0325151
-3.5 2.40333 1 0.0334106
-3.5 2.40917 1 0.0218696
-3.5 2.415 3 0.682192
-3.5 2.42083 2 0.0249043
-3.5 2.42667 2 0.0347322
-3.5 2.4325 2 0.0149783
-3.5 2.43833 2 0.0145582
-3.5 2.44417 2 0.0184206
-3.5 2.45 3 0.0353808
-3.5 2.45583 3 0.832029
-3.5 2.46167 1 0.0189302
-3.5 2.4675 1 0.0187293
-3.5 2.47333 1 0.021249
-3.5 2.47917 2 0.0346505
-3.5 2.485 2 0.0235807
-3.5 2.49083 3 0.0335902
-3.5 2.49667 3 0.0211819
-3.5 2.5025 1 0.800079
-3.5 2.50833 1 0.0192579
-3.5 2.51417 1 0.0178078
-3.5 2.52 1 0.0182804
-3.5 2.52583 1 0.0206574
-3.5 2.53167 1 0.024899
-3.5 2.5375 1 0.0181327
-3.5 2.54333 1 0.0183444
-3.5 2.54917 1 0.0286116
-3.5 2.555 3 0.867038
-3.5 2.56083 3 0.0206605
-3.5 2.56667 3 0.016399
-3.5 2.5725 2 0.0229857
-3.5 2.57833 2 0.015313
-3.5 2.58417 1 0.84179
-3.5 2.59 1 0.0189723
-3.5 2.59583 1 0.0281461
-3.5 2.60167 1 0.0323126
-3.5 2.6075 1 0.0185804
-3.5 2.61333 1 0.0192851
-3.5 2.61917 1 0.0209161
-3.5 2.625 3 0.0139379
-3.5 2.63083 2 0.0218763
-3.5 2.63667 2 0.0150968
-3.5 2.6425 2 0.0241076
-3.5 2.64833 2 0.0176322
-3.5 2.65417 2 0.0228999
-3.5 2.66 2 0.0205166
-3.5 2.66583 2 0.0187344
-3.5 2.67167 2 0.034165
-3.5 2.6775 1 0.0234138
-3.5 2.68333 3 0.0353653
-3.5 2.68917 3 0.0164601
-3.5 2.695 3 0.0346444
-3.5 2.70083 1 0.0180394
-3.5 2.70667 1 0.0185186
-3.5 2.7125 1 0.834888
-3.5 2.71833 3 0.813104
-3.5 2.72417 3 0.81642
-3.5 2.73 3 0.821228
-3.5 2.73583 3 0.858888
-3.5 2.74167 1 0.726615
-3.5 2.7475 1 0.0334056
-3.5 2.75333 1 0.0330627
-3.5 2.75917 1 0.0178844
-3.5 2.765 1 0.0185793
-3.5 2.77083 1 0.018072
-3.5 2.77667 1 0.0334185
-3.5 2.7825 1 0.0221748
-3.5 2.78833 1 0.0320222
-3.5 2.79417 1 0.032965
-3.5 2.8 1 0.0186988
-3.5 2.80583 2 0.0229302
-3.5 2.81167 2 0.0271676
-3.5 2.8175 2 0.0167187
-3.5 2.82333 2 0.02081
-3.5 2.82917 2 0.0316774
-3.5 2.835 2 0.0235285
-3.5 2.84083 2 0.0201511
-3.5 2.84667 2 0.0162242
-3.5 2.8525 2 0.0242929
-3.5 2.85833 2 0.0285473
-3.5 2.86417 2 0.0237374
-3.5 2.87 1 0.0179877
-3.5 2.87583 1 0.0188768
-3.5 2.88167 1 0.0189167
-3.5 2.8875 1 0.018456
-3.5 2.89333 1 0.0323561
-3.5 2.89917 1 0.033681
-3.5 2.905 1 0.0193862
-3.5 2.91083 1 0.0178453
-3.5 2.91667 1 0.0180913
-3.5 2.9225 3 0.843312
-3.5 2.92833 3 0.0243565
-3.5 2.93417 3 0.806381
-3.5 2.94 3 0.84483
-3.5 2.94583 1 0.855006
-3.5 2.95167 1 0.72685
-3.5 2.9575 1 0.725072
-3.5 2.96333 1 0.764587
-3.5 2.96917 1 0.773036
-3.5 2.975 1 0.764619
-3.5 2.98083 1 0.875663
-3.5 2.98667 1 0.0193404
-3.5 2.9925 1 0.0277926
-3.5 2.99833 3 0.0213619
-3.5 3.00417 3 0.727003
-3.5 3.01 3 0.0235324
-3.5 3.01583 1 0.0195133
-3.5 3.02167 2 0.0160377
-3.5 3.0275 2 0.0354132
-3.5 3.03333 2 0.0153337
-3.5 3.03917 2 0.0170699
-3.5 3.045 2 0.0157752
-3.5 3.05083 2 0.0162745
-3.5 3.05667 3 0.028525
-3.5 3.0625 3 0.0173454
-3.5 3.06833 1 0.0183527
-3.5 3.07417 1 0.0216639
-3.5 3.08 1 0.018753
-3.5 3.08583 2 0.0291271
-3.5 3.09167 2 0.0151309
-3.5 3.0975 1 0.0180597
-3.5 3.10333 1 0.0185549
-3.5 3.10917 1 0.0316893
-3.5 3.115 3 0.022389
-3.5 3.12083 2 0.0203776
-3.5 3.12667 2 0.0153727
-3.5 3.1325 2 0.0239566
-3.5 3.13833 2 0.0334661
-3.5 3.14417 2 0.0239362
-3.5 3.15 2 0.0151919
-3.5 3.15583 2 0.0356896
-3.5 3.16167 2 0.0152891
-3.5 3.1675 3 0.0262061
-3.5 3.17333 1 0.0335203
-3.5 3.17917 1 0.0332879
-3.5 3.185 2 0.0287252
-3.5 3.19083 2 0.0283641
-3.5 3.19667 1 0.0182812
-3.5 3.2025 3 0.0284573
-3.5 3.20833 3 0.0243155
-3.5 3.21417 3 0.0141939
-3.5 3.22 2 0.0225146
-3.5 3.22583 2 0.0298244
-3.5 3.23167 2 0.0238311
-3.5 3.2375 3 0.0309719
-3.5 3.24333 3 0.0253888
-3.5 3.24917 1 0.0332448
-3.5 3.255 3 0.0277571
-3.5 3.26083 3 0.0322512
-3.5 3.26667 3 0.0346232
-3.5 3.2725 3 0.0298743
-3.5 3.27833 3 0.870997
-3.5 3.28417 1 0.0332367
-3.5 3.29 1 0.737414
-3.5 3.29583 3 0.0146166
-3.5 3.30167 3 0.0229706
-3.5 3.3075 3 0.0295735
-3.5 3.31333 3 0.0231708
-3.5 3.31917 3 0.827099
-3.5 3.325 3 0.0237937
-3.5 3.33083 3 0.0282082
-3.5 3.33667 2 0.0237564
-3.5 3.3425 1 0.0191247
-3.5 3.34833 3 0.0265226
-3.5 3.35417 3 0.0150642
-3.5 3.36 3 0.0184787
-3.5 3.36583 1 0.0183606
-3.5 3.37167 1 0.0179639
-3.5 3.3775 1 0.0194907
-3.5 3.38333 1 0.0194353
-3.5 3.38917 1 0.0181137
-3.5 3.395 2 0.0345203
-3.5 3.40083 3 0.0303534
-3.5 3.40667 1 0.0197836
-3.5 3.4125 3 0.0289529
-3.5 3.41833 1 0.0192835
-3.5 3.42417 1 0.0190327
-3.5 3.43 2 0.0214204
-3.5 3.43583 3 0.0173951
-3.5 3.44167 3 0.0178261
-3.5 3.4475 3 0.0157087
-3.5 3.45333 3 0.0319205
-3.5 3.45917 1 0.0178355
-3.5 3.465 1 0.0182607
-3.5 3.47083 1 0.0187913
-3.5 3.47667 1 0.0335866
-3.5 3.4825 1 0.0188857
-3.5 3.48833 1 0.0227045
-3.5 3.49417 1 0.0316737

-3.49417 -3.5 1 0.0249312
-3.49417 -3.49417 1 0.0196288
-3.49417 -3.48833 1 0.0196465
-3.49417 -3.4825 1 0.0231724
-3.49417 -3.47667 1 0.0316027
-3.49417 -3.47083 1 0.018442
-3.49417 -3.465 1 0.0192971
-3.49417 -3.45917 1 0.0183673
-3.49417 -3.45333 2 0.016977
-3.49417 -3.4475 2 0.0154176
-3.49417 -3.44167 2 0.0192566
-3.49417 -3.43583 2 0.0296059
-3.49417 -3.43 3 0.0227274
-3.49417 -3.42417 1 0.018412
-3.49417 -3.41833 1 0.0201026
-3.49417 -3.4125 2 0.0279436
-3.49417 -3.40667 1 0.0189828
-3.49417 -3.40083 2 0.0165518
-3.49417 -3.395 2 0.0288158
-3.49417 -3.38917 1 0.018374
-3.49417 -3.38333 1 0.0327597
-3.49417 -3.3775 1 0.0191549
-3.49417 -3.37167 1 0.0329826
-3.49417 -3.36583 1 0.0187435
-3.49417 -3.36 3 0.022884
-3.49417 -3.35417 2 0.0141382
-3.49417 -3.34833 2 0.0240829
-3.49417 -3.3425 1 0.01733
-3.49417 -3.33667 3 0.0279753
-3.49417 -3.33083 2 0.023449
-3.49417 -3.325 2 0.0288466
-3.49417 -3.31917 2 0.826076
-3.49417 -3.31333 2 0.0144176
-3.49417 -3.3075 2 0.0234159
-3.49417 -3.30167 2 0.0162349
-3.49417 -3.29583 1 0.0310499
-3.49417 -3.29 1 0.0184347
-3.49417 -3.28417 2 0.0283507
-3.49417 -3.27833 1 0.874545
-3.49417 -3.2725 2 0.0273586
-3.49417 -3.26667 2 0.0279827
-3.49417 -3.26083 2 0.0300689
-3.49417 -3.255 2 0.0285088
-3.49417 -3.24917 3 0.0289651
-3.49417 -3.24333 2 0.72556
-3.49417 -3.2375 2 0.0144438
-3.49417 -3.23167 3 0.0297539
-3.49417 -3.22583 3 0.0249043
-3.49417 -3.22 3 0.0265705
-3.49417 -3.21417 2 0.03315
-3.49417 -3.20833 1 0.0336111
-3.49417 -3.2025 1 0.0200295
-3.49417 -3.19667 2 0.0314356
-3.49417 -3.19083 3 0.0286108
-3.49417 -3.185 2 0.835852
-3.49417 -3.17917 1 0.0334926
-3.49417 -3.17333 2 0.0275227
-3.49417 -3.1675 3 0.0158861
-3.49417 -3.16167 3 0.0341581
-3.49417 -3.15583 3 0.0281954
-3.49417 -3.15 3 0.0267328
-3.49417 -3.14417 3 0.0159334
-3.49417 -3.13833 3 0.0228336
-3.49417 -3.1325 3 0.0172823
-3.49417 -3.12667 3 0.0162822
-3.49417 -3.12083 3 0.0200987
-3.49417 -3.115 1 0.0329711
-3.49417 -3.10917 1 0.0184273
-3.49417 -3.10333 1 0.0311423
-3.49417 -3.0975 1 0.0335255
-3.49417 -3.09167 3 0.0145799
-3.49417 -3.08583 3 0.0142268
-3.49417 -3.08 1 0.0205908
-3.49417 -3.07417 2 0.0346037
-3.49417 -3.06833 1 0.0191737
-3.49417 -3.0625 2 0.0235092
-3.49417 -3.05667 3 0.0225879
-3.49417 -3.05083 3 0.0161706
-3.49417 -3.045 3 0.0148556
-3.49417 -3.03917 3 0.0141935
-3.49417 -3.03333 3 0.0160404
-3.49417 -3.0275 3 0.0236876
-3.49417 -3.02167 3 0.0289989
-3.49417 -3.01583 2 0.0168877
-3.49417 -3.01 2 0.014429
-3.49417 -3.00417 2 0.0153734
-3.49417 -2.99833 2 0.0263744
-3.49417 -2.9925 1 0.0178918
-3.49417 -2.98667 1 0.0191634
-3.49417 -2.98083 1 0.826203
-3.49417 -2.975 1 0.761129
-3.49417 -2.96917 1 0.766777
-3.49417 -2.96333 1 0.734567
-3.49417 -2.9575 1 0.721815
-3.49417 -2.95167 1 0.838117
-3.49417 -2.94583 2 0.851268
-3.49417 -2.94 2 0.80863
-3.49417 -2.93417 2 0.0291683
-3.49417 -2.92833 2 0.841932
-3.49417 -2.9225 1 0.0257798
-3.49417 -2.91667 1 0.018176
-3.49417 -2.91083 1 0.0196041
-3.49417 -2.905 1 0.0250728
-3.49417 -2.89917 1 0.0194892
-3.49417 -2.89333 1 0.0191272
-3.49417 -2.8875 1 0.0228595
-3.49417 -2.88167 1 0.0197064
-3.49417 -2.87583 3 0.0299871
-3.49417 -2.87 3 0.0233921
-3.49417 -2.86417 3 0.0235344
-3.49417 -2.85833 2 0.0146992
-3.49417 -2.8525 2 0.0152071
-3.49417 -2.84667 2 0.0292816
-3.49417 -2.84083 2 0.0289225
-3.49417 -2.835 2 0.0286958
-3.49417 -2.82917 2 0.0280736
-3.49417 -2.82333 2 0.0348182
-3.49417 -2.8175 2 0.0147242
-3.49417 -2.81167 2 0.0351978
-3.49417 -2.80583 3 0.0155925
-3.49417 -2.8 3 0.0190628
-3.49417 -2.79417 3 0.0283605
-3.49417 -2.78833 1 0.0183503
-3.49417 -2.7825 1 0.0181157
-3.49417 -2.77667 1 0.0219091
-3.49417 -2.77083 1 0.0270475
-3.49417 -2.765 1 0.0201549
-3.49417 -2.75917 1 0.0176641
-3.49417 -2.75333 1 0.0278198
-3.49417 -2.7475 1 0.020522
-3.49417 -2.74167 1 0.0181924
-3.49417 -2.73583 1 0.824862
-3.49417 -2.73 2 0.836912
-3.49417 -2.72417 2 0.819356
-3.49417 -2.71833 2 0.815346
-3.49417 -2.7125 1 0.851029
-3.49417 -2.70667 1 0.0181308
-3.49417 -2.70083 1 0.017566
-3.49417 -2.695 2 0.0169835
-3.49417 -2.68917 2 0.018153
-3.49417 -2.68333 2 0.014326
-3.49417 -2.6775 1 0.0317877
-3.49417 -2.67167 3 0.0244596
-3.49417 -2.66583 3 0.0185585
-3.49417 -2.66 3 0.0252612
-3.49417 -2.65417 3 0.0235058
-3.49417 -2.64833 3 0.0155509
-3.49417 -2.6425 3 0.0239441
-3.49417 -2.63667 3 0.0162575
-3.49417 -2.63083 3 0.0160938
-3.49417 -2.625 2 0.708424
-3.49417 -2.61917 1 0.713653
-3.49417 -2.61333 1 0.0179675
-3.49417 -2.6075 1 0.0237178
-3.49417 -2.60167 1 0.032825
-3.49417 -2.59583 1 0.0189778
-3.49417 -2.59 2 0.854353
-3.49417 -2.58417 3 0.0207191
-3.49417 -2.57833 3 0.0233777
-3.49417 -2.5725 2 0.0238001
-3.49417 -2.56667 2 0.0194452
-3.49417 -2.56083 3 0.0257061
-3.49417 -2.555 1 0.0195394
-3.49417 -2.54917 1 0.0208485
-3.49417 -2.54333 1 0.0186341
-3.49417 -2.5375 1 0.0168104
-3.49417 -2.53167 1 0.0334646
-3.49417 -2.52583 1 0.0335541
-3.49417 -2.52 1 0.0186388
-3.49417 -2.51417 1 0.0208464
-3.49417 -2.50833 1 0.0329064
-3.49417 -2.5025 1 0.0209606
-3.49417 -2.49667 1 0.0330864
-3.49417 -2.49083 1 0.801925
-3.49417 -2.485 2 0.0180303
-3.49417 -2.47917 2 0.0244226
-3.49417 -2.47333 3 0.0353518
-3.49417 -2.4675 1 0.0207055
-3.49417 -2.46167 1 0.0189593
-3.49417 -2.45583 1 0.0175433
-3.49417 -2.45 1 0.791251
-3.49417 -2.44417 3 0.0156501
-3.49417 -2.43833 3 0.0230843
-3.49417 -2.4325 3 0.0144819
-3.49417 -2.42667 3 0.0228861
-3.49417 -2.42083 3 0.0168453
-3.49417 -2.415 2 0.0333726
-3.49417 -2.40917 2 0.0242988
-3.49417 -2.40333 1 0.0176712
-3.49417 -2.3975 1 0.0174449
-3.49417 -2.39167 1 0.0194594
-3.49417 -2.38583 2 0.014113
-3.49417 -2.38 2 0.0267514
-3.49417 -2.37417 2 0.0258447
-3.49417 -2.36833 2 0.0287742
-3.49417 -2.3625 2 0.0304215
-3.49417 -2.35667 2 0.0235511
-3.49417 -2.35083 1 0.0335832
-3.49417 -2.345 1 0.0197524
-3.49417 -2.33917 1 0.787099
-3.49417 -2.33333 1 0.0189968
-3.49417 -2.3275 2 0.0253664
-3.49417 -2.32167 2 0.0233034
-3.49417 -2.31583 1 0.708116
-3.49417 -2.31 1 0.0331645
-3.49417 -2.30417 1 0.019058
-3.49417 -2.29833 1 0.717746
-3.49417 -2.2925 1 0.72657
-3.49417 -2.28667 1 0.71887
-3.49417 -2.28083 1 0.722435
-3.49417 -2.275 1 0.0338468
-3.49417 -2.26917 1 0.0188794
-3.49417 -2.26333 1 0.0328005
-3.49417 -2.2575 1 0.0201364
-3.49417 -2.25167 1 0.711983
-3.49417 -2.24583 1 0.0236887
-3.49417 -2.24 2 0.0237907
-3.49417 -2.23417 2 0.737053
-3.49417 -2.22833 2 0.702282
-3.49417 -2.2225 2 0.0259691
-3.49417 -2.21667 2 0.677192
-3.49417 -2.21083 2 0.754035
-3.49417 -2.205 2 0.0226368
-3.49417 -2.19917 2 0.0166245
-3.49417 -2.19333 1 0.0176821
-3.49417 -2.1875 2 0.0222818
-3.49417 -2.18167 2 0.0342656
-3.49417 -2.17583 3 0.0173844
-3.49417 -2.17 3 0.015426
-3.49417 -2.16417 3 0.032361
-3.49417 -2.15833 3 0.0152959
-3.49417 -2.1525 1 0.825723
-3.49417 -2.14667 1 0.0187089
-3.49417 -2.14083 1 0.0332875
-3.49417 -2.135 3 0.0153527
-3.49417 -2.12917 2 0.0241044
-3.49417 -2.12333 2 0.0229682
-3.49417 -2.1175 1 0.0198148
-3.49417 -2.11167 1 0.0195403
-3.49417 -2.10583 1 0.0330174
-3.49417 -2.1 1 0.0178783
-3.49417 -2.09417 1 0.0272446
-3.49417 -2.08833 1 0.0332794
-3.49417 -2.0825 1 0.0187386
-3.49417 -2.07667 1 0.0201167
-3.49417 -2.07083 1 0.032595
-3.49417 -2.065 3 0.80491
-3.49417 -2.05917 2 0.0354106
-3.49417 -2.05333 2 0.0355624
-3.49417 -2.0475 3 0.0241474
-3.49417 -2.04167 3 0.0167168
-3.49417 -2.03583 1 0.853279
-3.49417 -2.03 1 0.0195037
-3.49417 -2.02417 1 0.0335912
-3.49417 -2.01833 1 0.0334243
-3.49417 -2.0125 1 0.0321251
-3.49417 -2.00667 1 0.0188658
-3.49417 -2.00083 1 0.0186418
-3.49417 -1.995 1 0.0205357
-3.49417 -1.98917 2 0.0176138
-3.49417 -1.98333 3 0.0352302
-3.49417 -1.9775 3 0.0161477
-3.49417 -1.97167 3 0.0237528
-3.49417 -1.96583 3 0.0147246
-3.49417 -1.96 3 0.0239196
-3.49417 -1.95417 2 0.0243233
-3.49417 -1.94833 1 0.0184912
-3.49417 -1.9425 3 0.0248778
-3.49417 -1.93667 3 0.0242128
-3.49417 -1.93083 3 0.0142905
-3.49417 -1.925 3 0.0170856
-3.49417 -1.91917 3 0.0153695
-3.49417 -1.91333 3 0.0146126
-3.49417 -1.9075 3 0.0179361
-3.49417 -1.90167 3 0.0168672
-3.49417 -1.89583 3 0.0212141
-3.49417 -1.89 1 0.020264
-3.49417 -1.88417 2 0.0199422
-3.49417 -1.87833 2 0.0171213
-3.49417 -1.8725 2 0.707307
-3.49417 -1.86667 2 0.0298383
-3.49417 -1.86083 2 0.0282517
-3.49417 -1.855 2 0.0296147
-3.49417 -1.84917 2 0.0350014
-3.49417 -1.84333 2 0.0294988
-3.49417 -1.8375 2 0.028975
-3.49417 -1.83167 2 0.026644
-3.49417 -1.82583 2 0.0238101
-3.49417 -1.82 2 0.0236833
-3.49417 -1.81417 2 0.0323846
-3.49417 -1.80833 2 0.017539
-3.49417 -1.8025 2 0.0289194
-3.49417 -1.79667 2 0.0238371
-3.49417 -1.79083 2 0.0217192
-3.49417 -1.785 2 0.028771
-3.49417 -1.77917 2 0.712143
-3.49417 -1.77333 2 0.685645
-3.49417 -1.7675 2 0.699039
-3.49417 -1.76167 2 0.0226562
-3.49417 -1.75583 2 0.0300785
-3.49417 -1.75 2 0.0239783
-3.49417 -1.74417 2 0.0241248
-3.49417 -1.73833 2 0.0245674
-3.49417 -1.7325 2 0.653243
-3.49417 -1.72667 2 0.0177675
-3.49417 -1.72083 2 0.0281587
-3.49417 -1.715 2 0.0270811
-3.49417 -1.70917 2 0.0243257
-3.49417 -1.70333 2 0.0244209
-3.49417 -1.6975 2 0.0286277
-3.49417 -1.69167 2 0.0170987
-3.49417 -1.68583 2 0.0237099
-3.49417 -1.68 2 0.0144747
-3.49417 -1.67417 2 0.0196039
-3.49417 -1.66833 3 0.873069
-3.49417 -1.6625 1 0.0336812
-3.49417 -1.65667 1 0.0332897
-3.49417 -1.65083 1 0.0179886
-3.49417 -1.645 1 0.0201472
-3.49417 -1.63917 1 0.0298013
-3.49417 -1.63333 1 0.0301975
-3.49417 -1.6275 1 0.0332939
-3.49417 -1.62167 1 0.0184138
-3.49417 -1.61583 2 0.031527
-3.49417 -1.61 2 0.0286868
-3.49417 -1.60417 2 0.0290619
-3.49417 -1.59833 2 0.0236576
-3.49417 -1.5925 3 0.029623
-3.49417 -1.58667 3 0.0359835
-3.49417 -1.58083 3 0.0172579
-3.49417 -1.575 3 0.0145491
-3.49417 -1.56917 3 0.0157536
-3.49417 -1.56333 3 0.0155242
-3.49417 -1.5575 3 0.0349313
-3.49417 -1.55167 3 0.0141522
-3.49417 -1.54583 3 0.0154702
-3.49417 -1.54 3 0.0215486
-3.49417 -1.53417 3 0.0212229
-3.49417 -1.52833 3 0.0206657
-3.49417 -1.5225 3 0.0211948
-3.49417 -1.51667 3 0.0150165
-3.49417 -1.51083 3 0.0158591
-3.49417 -1.505 3 0.0359655
-3.49417 -1.49917 3 0.0163811
-3.49417 -1.49333 2 0.01895
-3.49417 -1.4875 2 0.028675
-3.49417 -1.48167 3 0.0301791
-3.49417 -1.47583 1 0.0189218
-3.49417 -1.47 1 0.017523
-3.49417 -1.46417 1 0.0323088
-3.49417 -1.45833 1 0.0240066
-3.49417 -1.4525 1 0.0183504
-3.49417 -1.44667 1 0.0179732
-3.49417 -1.44083 1 0.0333791
-3.49417 -1.435 2 0.0260639
-3.49417 -1.42917 2 0.0272931
-3.49417 -1.42333 2 0.0201439
-3.49417 -1.4175 2 0.0235563
-3.49417 -1.41167 2 0.0309334
-3.49417 -1.40583 2 0.0291611
-3.49417 -1.4 2 0.0203332
-3.49417 -1.39417 2 0.0195599
-3.49417 -1.38833 2 0.0221585
-3.49417 -1.3825 2 0.0256051
-3.49417 -1.37667 2 0.0289414
-3.49417 -1.37083 2 0.0331146
-3.49417 -1.365 2 0.0234827
-3.49417 -1.35917 2 0.0236433
-3.49417 -1.35333 2 0.0235816
-3.49417 -1.3475 2 0.0328418
-3.49417 -1.34167 2 0.0226599
-3.49417 -1.33583 3 0.0159382
-3.49417 -1.33 3 0.015863
-3.49417 -1.32417 1 0.0272551
-3.49417 -1.31833 3 0.0155748
-3.49417 -1.3125 1 0.0328074
-3.49417 -1.30667 1 0.0201284
-3.49417 -1.30083 2 0.0170107
-3.49417 -1.295 1 0.0226595
-3.49417 -1.28917 2 0.022598
-3.49417 -1.28333 2 0.014277
-3.49417 -1.2775 2 0.0193286
-3.49417 -1.27167 3 0.0169147
-3.49417 -1.26583 3 0.0290649
-3.49417 -1.26 3 0.0298726
-3.49417 -1.25417 3 0.0297172
-3.49417 -1.24833 3 0.0233987
-3.49417 -1.2425 3 0.0217872
-3.49417 -1.23667 3 0.0299745
-3.49417 -1.23083 3 0.0243851
-3.49417 -1.225 3 0.028795
-3.49417 -1.21917 3 0.0202468
-3.49417 -1.21333 3 0.0331346
-3.49417 -1.2075 3 0.0316312
-3.49417 -1.20167 3 0.0301274
-3.49417 -1.19583 3 0.0167439
-3.49417 -1.19 3 0.0170514
-3.49417 -1.18417 3 0.0307085
-3.49417 -1.17833 3 0.0310096
-3.49417 -1.1725 3 0.0241325
-3.49417 -1.16667 3 0.023967
-3.49417 -1.16083 3 0.0239752
-3.49417 -1.155 3 0.0234668
-3.49417 -1.14917 3 0.0324938
-3.49417 -1.14333 3 0.0215935
-3.49417 -1.1375 3 0.0223332
-3.49417 -1.13167 3 0.0236828
-3.49417 -1.12583 1 0.0187486
-3.49417 -1.12 1 0.0334942
-3.49417 -1.11417 1 0.0175942
-3.49417 -1.10833 1 0.0182929
-3.49417 -1.1025 1 0.0189127
-3.49417 -1.09667 1 0.0183497
-3.49417 -1.09083 1 0.0209213
-3.49417 -1.085 1 0.0267826
-3.49417 -1.07917 1 0.026022
-3.49417 -1.07333 1 0.0307614
-3.49417 -1.0675 1 0.0184772
-3.49417 -1.06167 1 0.0330552
-3.49417 -1.05583 1 0.0192358
-3.49417 -1.05 1 0.0179641
-3.49417 -1.04417 1 0.0178927
-3.49417 -1.03833 3 0.0198568
-3.49417 -1.0325 3 0.0233223
-3.49417 -1.02667 3 0.0180824
-3.49417 -1.02083 3 0.0291489
-3.49417 -1.015 3 0.0298934
-3.49417 -1.00917 3 0.0349241
-3.49417 -1.00333 3 0.0235534
-3.49417 -0.9975 2 0.0144735
-3.49417 -0.991667 2 0.0173358
-3.49417 -0.985833 2 0.0245238
-3.49417 -0.98 2 0.0354581
-3.49417 -0.974167 2 0.0145805
-3.49417 -0.968333 2 0.0139624
-3.49417 -0.9625 2 0.014925
-3.49417 -0.956667 2 0.0153321
-3.49417 -0.950833 2 0.0171887
-3.49417 -0.945 2 0.0153608
-3.49417 -0.939167 2 0.0160627
-3.49417 -0.933333 2 0.0140221
-3.49417 -0.9275 2 0.023471
-3.49417 -0.921667 2 0.0226655
-3.49417 -0.915833 2 0.0222463
-3.49417 -0.91 2 0.0256003
-3.49417 -0.904167 2 0.0248589
-3.49417 -0.898333 2 0.0249333
-3.49417 -0.8925 2 0.0231111
-3.49417 -0.886667 2 0.0241271
-3.49417 -0.880833 2 0.0291
-3.49417 -0.875 2 0.0224617
-3.49417 -0.869167 2 0.0350548
-3.49417 -0.863333 2 0.0169084
-3.49417 -0.8575 2 0.0176978
-3.49417 -0.851667 2 0.0172792
-3.49417 -0.845833 2 0.0202731
-3.49417 -0.84 2 0.0182415
-3.49417 -0.834167 2 0.0141842
-3.49417 -0.828333 2 0.0182645
-3.49417 -0.8225 2 0.020293
-3.49417 -0.816667 2 0.0222258
-3.49417 -0.810833 2 0.0145713
-3.49417 -0.805 2 0.0149929
-3.49417 -0.799167 2 0.0154732
-3.49417 -0.793333 2 0.0160427
-3.49417 -0.7875 2 0.0167412
-3.49417 -0.781667 2 0.0159274
-3.49417 -0.775833 2 0.0168833
-3.49417 -0.77 2 0.0163544
-3.49417 -0.764167 2 0.0159976
-3.49417 -0.758333 2 0.0157924
-3.49417 -0.7525 2 0.0157268
-3.49417 -0.746667 2 0.0157986
-3.49417 -0.740833 2 0.0160141
-3.49417 -0.735 2 0.0163879
-3.49417 -0.729167 2 0.0153544
-3.49417 -0.723333 2 0.0159861
-3.49417 -0.7175 2 0.0152571
-3.49417 -0.711667 2 0.0161946
-3.49417 -0.705833 2 0.0157365
-3.49417 -0.7 2 0.0154483
-3.49417 -0.694167 2 0.015318
-3.49417 -0.688333 2 0.0153434
-3.49417 -0.6825 2 0.0155349
-3.49417 -0.676667 2 0.0159159
-3.49417 -0.670833 2 0.0148413
-3.49417 -0.665 2 0.0155453
-3.49417 -0.659167 2 0.0147388
-3.49417 -0.653333 2 0.014049
-3.49417 -0.6475 2 0.0213869
-3.49417 -0.641667 2 0.0192677
-3.49417 -0.635833 2 0.017119
-3.49417 -0.63 2 0.0356069
-3.49417 -0.624167 2 0.0187417
-3.49417 -0.618333 2 0.0207408
-3.49417 -0.6125 2 0.0210381
-3.49417 -0.606667 2 0.0153847
-3.49417 -0.600833 2 0.0359134
-3.49417 -0.595 2 0.0150899
-3.49417 -0.589167 2 0.0144795
-3.49417 -0.583333 2 0.0144925
-3.49417 -0.5775 2 0.0297326
-3.49417 -0.571667 2 0.0289109
-3.49417 -0.565833 2 0.029655
-3.49417 -0.56 2 0.0240368
-3.49417 -0.554167 2 0.0236579
-3.49417 -0.548333 2 0.0238326
-3.49417 -0.5425 2 0.0233138
-3.49417 -0.536667 2 0.0322389
-3.49417 -0.530833 2 0.0186969
-3.49417 -0.525 2 0.022239
-3.49417 -0.519167 2 0.0362031
-3.49417 -0.513333 2 0.0172738
-3.49417 -0.5075 2 0.015312
-3.49417 -0.501667 2 0.0142763
-3.49417 -0.495833 2 0.0354264
-3.49417 -0.49 2 0.0141773
-3.49417 -0.484167 2 0.016575
-3.49417 -0.478333 2 0.0161029
-3.49417 -0.4725 2 0.0347143
-3.49417 -0.466667 2 0.0140614
-3.49417 -0.460833 2 0.0328151
-3.49417 -0.455 2 0.0169975
-3.49417 -0.449167 3 0.030714
-3.49417 -0.443333 2 0.849387
-3.49417 -0.4375 3 0.0236363
-3.49417 -0.431667 3 0.0232605
-3.49417 -0.425833 3 0.0202697
-3.49417 -0.42 3 0.0316056
-3.49417 -0.414167 3 0.0257638
-3.49417 -0.408333 3 0.0282732
-3.49417 -0.4025 3 0.0356907
-3.49417 -0.396667 1 0.0182427
-3.49417 -0.390833 1 0.0337297
-3.49417 -0.385 1 0.03069
-3.49417 -0.379167 1 0.0293348
-3.49417 -0.373333 1 0.0181184
-3.49417 -0.3675 1 0.0187676
-3.49417 -0.361667 1 0.0183247
-3.49417 -0.355833 1 0.0183379
-3.49417 -0.35 1 0.0186945
-3.49417 -0.344167 1 0.0335427
-3.49417 -0.338333 1 0.0186809
-3.49417 -0.3325 1 0.0247801
-3.49417 -0.326667 1 0.0214856
-3.49417 -0.320833 1 0.0328306
-3.49417 -0.315 1 0.0190689
-3.49417 -0.309167 1 0.0215256
-3.49417 -0.303333 1 0.019513
-3.49417 -0.2975 1 0.862764
-3.49417 -0.291667 3 0.0149098
-3.49417 -0.285833 3 0.0286136
-3.49417 -0.28 3 0.023573
-3.49417 -0.274167 3 0.0235253
-3.49417 -0.268333 3 0.0290373
-3.49417 -0.2625 3 0.0267626
-3.49417 -0.256667 3 0.0229289
-3.49417 -0.250833 3 0.0291532
-3.49417 -0.245 3 0.0294331
-3.49417 -0.239167 3 0.0237981
-3.49417 -0.233333 3 0.0231021
-3.49417 -0.2275 3 0.0232179
-3.49417 -0.221667 3 0.0237882
-3.49417 -0.215833 3 0.02367
-3.49417 -0.21 3 0.0242142
-3.49417 -0.204167 3 0.0234463
-3.49417 -0.198333 3 0.0249052
-3.49417 -0.1925 3 0.0244232
-3.49417 -0.186667 3 0.029817
-3.49417 -0.180833 3 0.0299518
-3.49417 -0.175 3 0.0218077
-3.49417 -0.169167 3 0.0231659
-3.49417 -0.163333 3 0.0297465
-3.49417 -0.1575 3 0.0228954
-3.49417 -0.151667 3 0.0239065
-3.49417 -0.145833 3 0.0299112
-3.49417 -0.14 3 0.0299986
-3.49417 -0.134167 3 0.0294263
-3.49417 -0.128333 3 0.0284293
-3.49417 -0.1225 3 0.0262334
-3.49417 -0.116667 3 0.0206638
-3.49417 -0.110833 3 0.0179675
-3.49417 -0.105 3 0.0163729
-3.49417 -0.0991667 3 0.0303954
-3.49417 -0.0933333 3 0.0322615
-3.49417 -0.0875 3 0.0228436
-3.49417 -0.0816667 3 0.029129
-3.49417 -0.0758333 3 0.0299289
-3.49417 -0.07 1 0.0198039
-3.49417 -0.0641667 2 0.0161619
-3.49417 -0.0583333 2 0.0177564
-3.49417 -0.0525 2 0.0162627
-3.49417 -0.0466667 2 0.0158185
-3.49417 -0.0408333 2 0.0238213
-3.49417 -0.035 2 0.0164251
-3.49417 -0.0291667 2 0.801197
-3.49417 -0.0233333 2 0.820833
-3.49417 -0.0175 2 0.0141024
-3.49417 -0.0116667 2 0.0351338
-3.49417 -0.00583333 1 0.0314213
-3.49417 1.30746e-14 1 0.722618
-3.49417 0.00583333 1 0.0314213
-3.49417 0.0116667 3 0.0351338
-3.49417 0.0175 3 0.0141024
-3.49417 0.0233333 3 0.820833
-3.49417 0.0291667 3 0.801197
-3.49417 0.035 3 0.0164251
-3.49417 0.0408333 3 0.0238213
-3.49417 0.0466667 3 0.0158185
-3.49417 0.0525 3 0.0162627
-3.49417 0.0583333 3 0.0177564
-3.49417 0.0641667 3 0.0161619
-3.49417 0.07 1 0.0198039
-3.49417 0.0758333 2 0.0299289
-3.49417 0.0816667 2 0.029129
-3.49417 0.0875 2 0.0228436
-3.49417 0.0933333 2 0.0322615
-3.49417 0.0991667 2 0.0303954
-3.49417 0.105 2 0.0163729
-3.49417 0.110833 2 0.0179675
-3.49417 0.116667 2 0.0206638
-3.49417 0.1225 2 0.0262334
-3.49417 0.128333 2 0.0284293
-3.49417 0.134167 2 0.0294263
-3.49417 0.14 2 0.0299986
-3.49417 0.145833 2 0.0299112
-3.49417 0.151667 2 0.0239065
-3.49417 0.1575 2 0.0228954
-3.49417 0.163333 2 0.0297465
-3.49417 0.169167 2 0.0231659
-3.49417 0.175 2 0.0218077
-3.49417 0.180833 2 0.0299518
-3.49417 0.186667 2 0.029817
-3.49417 0.1925 2 0.0244232
-3.49417 0.198333 2 0.0249052
-3.49417 0.204167 2 0.0234463
-3.49417 0.21 2 0.0242142
-3.49417 0.215833 2 0.02367
-3.49417 0.221667 2 0.0237882
-3.49417 0.2275 2 0.0232179
-3.49417 0.233333 2 0.0231021
-3.49417 0.239167 2 0.0237981
-3.49417 0.245 2 0.0294331
-3.49417 0.250833 2 0.0291532
-3.49417 0.256667 2 0.0229289
-3.49417 0.2625 2 0.0267626
-3.49417 0.268333 2 0.0290373
-3.49417 0.274167 2 0.0235253
-3.49417 0.28 2 0.023573
-3.49417 0.285833 2 0.0286136
-3.49417 0.291667 2 0.0149098
-3.49417 0.2975 1 0.862764
-3.49417 0.303333 1 0.019513
-3.49417 0.309167 1 0.0215256
-3.49417 0.315 1 0.0190689
-3.49417 0.320833 1 0.0328306
-3.49417 0.326667 1 0.0214856
-3.49417 0.3325 1 0.0247801
-3.49417 0.338333 1 0.0186809
-3.49417 0.344167 1 0.0335427
-3.49417 0.35 1 0.0186945
-3.49417 0.355833 1 0.0183379
-3.49417 0.361667 1 0.0183247
-3.49417 0.3675 1 0.0187676
-3.49417 0.373333 1 0.0181184
-3.49417 0.379167 1 0.0293348
-3.49417 0.385 1 0.03069
-3.49417 0.390833 1 0.0337297
-3.49417 0.396667 1 0.0182427
-3.49417 0.4025 2 0.0356907
-3.49417 0.408333 2 0.0282732
-3.49417 0.414167 2 0.0257638
-3.49417 0.42 2 0.0316056
-3.49417 0.425833 2 0.0202697
-3.49417 0.431667 2 0.0232605
-3.49417 0.4375 2 0.0236363
-3.49417 0.443333 3 0.849387
-3.49417 0.449167 2 0.030714
-3.49417 0.455 3 0.0169975
-3.49417 0.460833 3 0.0328151
-3.49417 0.466667 3 0.0140614
-3.49417 0.4725 3 0.0347143
-3.49417 0.478333 3 0.0161029
-3.49417 0.484167 3 0.016575
-3.49417 0.49 3 0.0141773
-3.49417 0.495833 3 0.0354264
-3.49417 0.501667 3 0.0142763
-3.49417 0.5075 3 0.015312
-3.49417 0.513333 3 0.0172738
-3.49417 0.519167 3 0.0362031
-3.49417 0.525 3 0.022239
-3.49417 0.530833 3 0.0186969
-3.49417 0.536667 3 0.0322389
-3.49417 0.5425 3 0.0233138
-3.49417 0.548333 3 0.0238326
-3.49417 0.554167 3 0.0236579
-3.49417 0.56 3 0.0240368
-3.49417 0.565833 3 0.029655
-3.49417 0.571667 3 0.0289109
-3.49417 0.5775 3 0.0297326
-3.49417 0.583333 3 0.0144925
-3.49417 0.589167 3 0.0144795
-3.49417 0.595 3 0.0150899
-3.49417 0.600833 3 0.0359134
-3.49417 0.606667 3 0.0153847
-3.49417 0.6125 3 0.0210381
-3.49417 0.618333 3 0.0207408
-3.49417 0.624167 3 0.0187417
-3.49417 0.63 3 0.0356069
-3.49417 0.635833 3 0.017119
-3.49417 0.641667 3 0.0192677
-3.49417 0.6475 3 0.0213869
-3.49417 0.653333 3 0.014049
-3.49417 0.659167 3 0.0147388
-3.49417 0.665 3 0.0155453
-3.49417 0.670833 3 0.0148413
-3.49417 0.676667 3 0.0159159
-3.49417 0.6825 3 0.0155349
-3.49417 0.688333 3 0.0153434
-3.49417 0.694167 3 0.015318
-3.49417 0.7 3 0.0154483
-3.49417 0.705833 3 0.0157365
-3.49417 0.711667 3 0.0161946
-3.49417 0.7175 3 0.0152571
-3.49417 0.723333 3 0.0159861
-3.49417 0.729167 3 0.0153544
-3.49417 0.735 3 0.0163879
-3.49417 0.740833 3 0.0160141
-3.49417 0.746667 3 0.0157986
-3.49417 0.7525 3 0.0157268
-3.49417 0.758333 3 0.0157924
-3.49417 0.764167 3 0.0159976
-3.49417 0.77 3 0.0163544
-3.49417 0.775833 3 0.0168833
-3.49417 0.781667 3 0.0159274
-3.49417 0.7875 3 0.0167412
-3.49417 0.793333 3 0.0160427
-3.49417 0.799167 3 0.0154732
-3.49417 0.805 3 0.0149929
-3.49417 0.810833 3 0.0145713
-3.49417 0.816667 3 0.0222258
-3.49417 0.8225 3 0.020293
-3.49417 0.828333 3 0.0182645
-3.49417 0.834167 3 0.0141842
-3.49417 0.84 3 0.0182415
-3.49417 0.845833 3 0.0202731
-3.49417 0.851667 3 0.0172792
-3.49417 0.8575 3 0.0176978
-3.49417 0.863333 3 0.0169084
-3.49417 0.869167 3 0.0350548
-3.49417 0.875 3 0.0224617
-3.49417 0.880833 3 0.0291
-3.49417 0.886667 3 0.0241271
-3.49417 0.8925 3 0.0231111
-3.49417 0.898333 3 0.0249333
-3.49417 0.904167 3 0.0248589
-3.49417 0.91 3 0.0256003
-3.49417 0.915833 3 0.0222463
-3.49417 0.921667 3 0.0226655
-3.49417 0.9275 3 0.023471
-3.49417 0.933333 3 0.0140221
-3.49417 0.939167 3 0.0160627
-3.49417 0.945 3 0.0153608
-3.49417 0.950833 3 0.0171887
-3.49417 0.956667 3 0.0153321
-3.49417 0.9625 3 0.014925
-3.49417 0.968333 3 0.0139624
-3.49417 0.974167 3 0.0145805
-3.49417 0.98 3 0.0354581
-3.49417 0.985833 3 0.0245238
-3.49417 0.991667 3 0.0173358
-3.49417 0.9975 3 0.0144735
-3.49417 1.00333 2 0.0235534
-3.49417 1.00917 2 0.0349241
-3.49417 1.015 2 0.0298934
-3.49417 1.02083 2 0.0291489
-3.49417 1.02667 2 0.0180824
-3.49417 1.0325 2 0.0233223
-3.49417 1.03833 2 0.0198568
-3.49417 1.04417 1 0.0178927
-3.49417 1.05 1 0.0179641
-3.49417 1.05583 1 0.0192358
-3.49417 1.06167 1 0.0330552
-3.49417 1.0675 1 0.0184772
-3.49417 1.07333 1 0.0307614
-3.49417 1.07917 1 0.026022
-3.49417 1.085 1 0.0267826
-3.49417 1.09083 1 0.0209213
-3.49417 1.09667 1 0.0183497
-3.49417 1.1025 1 0.0189127
-3.49417 1.10833 1 0.0182929
-3.49417 1.11417 1 0.0175942
-3.49417 1.12 1 0.0334942
-3.49417 1.12583 1 0.0187486
-3.49417 1.13167 2 0.0236828
-3.49417 1.1375 2 0.0223332
-3.49417 1.14333 2 0.0215935
-3.49417 1.14917 2 0.0324938
-3.49417 1.155 2 0.0234668
-3.49417 1.16083 2 0.0239752
-3.49417 1.16667 2 0.023967
-3.49417 1.1725 2 0.0241325
-3.49417 1.17833 2 0.0310096
-3.49417 1.18417 2 0.0307085
-3.49417 1.19 2 0.0170514
-3.49417 1.19583 2 0.0167439
-3.49417 1.20167 2 0.0301274
-3.49417 1.2075 2 0.0316312
-3.49417 1.21333 2 0.0331346
-3.49417 1.21917 2 0.0202468
-3.49417 1.225 2 0.028795
-3.49417 1.23083 2 0.0243851
-3.49417 1.23667 2 0.0299745
-3.49417 1.2425 2 0.0217872
-3.49417 1.24833 2 0.0233987
-3.49417 1.25417 2 0.0297172
-3.49417 1.26 2 0.0298726
-3.49417 1.26583 2 0.0290649
-3.49417 1.27167 2 0.0169147
-3.49417 1.2775 3 0.0193286
-3.49417 1.28333 3 0.014277
-3.49417 1.28917 3 0.022598
-3.49417 1.295 1 0.0226595
-3.49417 1.30083 3 0.0170107
-3.49417 1.30667 1 0.0201284
-3.49417 1.3125 1 0.0328074
-3.49417 1.31833 2 0.0155748
-3.49417 1.32417 1 0.0272551
-3.49417 1.33 2 0.015863
-3.49417 1.33583 2 0.0159382
-3.49417 1.34167 3 0.0226599
-3.49417 1.3475 3 0.0328418
-3.49417 1.35333 3 0.0235816
-3.49417 1.35917 3 0.0236433
-3.49417 1.365 3 0.0234827
-3.49417 1.37083 3 0.0331146
-3.49417 1.37667 3 0.0289414
-3.49417 1.3825 3 0.0256051
-3.49417 1.38833 3 0.0221585
-3.49417 1.39417 3 0.0195599
-3.49417 1.4 3 0.0203332
-3.49417 1.40583 3 0.0291611
-3.49417 1.41167 3 0.0309334
-3.49417 1.4175 3 0.0235563
-3.49417 1.42333 3 0.0201439
-3.49417 1.42917 3 0.0272931
-3.49417 1.435 3 0.0260639
-3.49417 1.44083 1 0.0333791
-3.49417 1.44667 1 0.0179732
-3.49417 1.4525 1 0.0183504
-3.49417 1.45833 1 0.0240066
-3.49417 1.46417 1 0.0323088
-3.49417 1.47 1 0.017523
-3.49417 1.47583 1 0.0189218
-3.49417 1.48167 2 0.0301791
-3.49417 1.4875 3 0.028675
-3.49417 1.49333 3 0.01895
-3.49417 1.49917 2 0.0163811
-3.49417 1.505 2 0.0359655
-3.49417 1.51083 2 0.0158591
-3.49417 1.51667 2 0.0150165
-3.49417 1.5225 2 0.0211948
-3.49417 1.52833 2 0.0206657
-3.49417 1.53417 2 0.0212229
-3.49417 1.54 2 0.0215486
-3.49417 1.54583 2 0.0154702
-3.49417 1.55167 2 0.0141522
-3.49417 1.5575 2 0.0349313
-3.49417 1.56333 2 0.0155242
-3.49417 1.56917 2 0.0157536
-3.49417 1.575 2 0.0145491
-3.49417 1.58083 2 0.0172579
-3.49417 1.58667 2 0.0359835
-3.49417 1.5925 2 0.029623
-3.49417 1.59833 3 0.0236576
-3.49417 1.60417 3 0.0290619
-3.49417 1.61 3 0.0286868
-3.49417 1.61583 3 0.031527
-3.49417 1.62167 1 0.0184138
-3.49417 1.6275 1 0.0332939
-3.49417 1.63333 1 0.0301975
-3.49417 1.63917 1 0.0298013
-3.49417 1.645 1 0.0201472
-3.49417 1.65083 1 0.0179886
-3.49417 1.65667 1 0.0332897
-3.49417 1.6625 1 0.0336812
-3.49417 1.66833 2 0.873069
-3.49417 1.67417 3 0.0196039
-3.49417 1.68 3 0.0144747
-3.49417 1.68583 3 0.0237099
-3.49417 1.69167 3 0.0170987
-3.49417 1.6975 3 0.0286277
-3.49417 1.70333 3 0.0244209
-3.49417 1.70917 3 0.0243257
-3.49417 1.715 3 0.0270811
-3.49417 1.72083 3 0.0281587
-3.49417 1.72667 3 0.0177675
-3.49417 1.7325 3 0.653243
-3.49417 1.73833 3 0.0245674
-3.49417 1.74417 3 0.0241248
-3.49417 1.75 3 0.0239783
-3.49417 1.75583 3 0.0300785
-3.49417 1.76167 3 0.0226562
-3.49417 1.7675 3 0.699039
-3.49417 1.77333 3 0.685645
-3.49417 1.77917 3 0.712143
-3.49417 1.785 3 0.028771
-3.49417 1.79083 3 0.0217192
-3.49417 1.79667 3 0.0238371
-3.49417 1.8025 3 0.0289194
-3.49417 1.80833 3 0.017539
-3.49417 1.81417 3 0.0323846
-3.49417 1.82 3 0.0236833
-3.49417 1.82583 3 0.0238101
-3.49417 1.83167 3 0.026644
-3.49417 1.8375 3 0.028975
-3.49417 1.84333 3 0.0294988
-3.49417 1.84917 3 0.0350014
-3.49417 1.855 3 0.0296147
-3.49417 1.86083 3 0.0282517
-3.49417 1.86667 3 0.0298383
-3.49417 1.8725 3 0.707307
-3.49417 1.87833 3 0.0171213
-3.49417 1.88417 3 0.0199422
-3.49417 1.89 1 0.020264
-3.49417 1.89583 2 0.0212141
-3.49417 1.90167 2 0.0168672
-3.49417 1.9075 2 0.0179361
-3.49417 1.91333 2 0.0146126
-3.49417 1.91917 2 0.0153695
-3.49417 1.925 2 0.0170856
-3.49417 1.93083 2 0.0142905
-3.49417 1.93667 2 0.0242128
-3.49417 1.9425 2 0.0248778
-3.49417 1.94833 1 0.0184912
-3.49417 1.95417 3 0.0243233
-3.49417 1.96 2 0.0239196
-3.49417 1.96583 2 0.0147246
-3.49417 1.97167 2 0.0237528
-3.49417 1.9775 2 0.0161477
-3.49417 1.98333 2 0.0352302
-3.49417 1.98917 3 0.0176138
-3.49417 1.995 1 0.0205357
-3.49417 2.00083 1 0.0186418
-3.49417 2.00667 1 0.0188658
-3.49417 2.0125 1 0.0321251
-3.49417 2.01833 1 0.0334243
-3.49417 2.02417 1 0.0335912
-3.49417 2.03 1 0.0195037
-3.49417 2.03583 1 0.853279
-3.49417 2.04167 2 0.0167168
-3.49417 2.0475 2 0.0241474
-3.49417 2.05333 3 0.0355624
-3.49417 2.05917 3 0.0354106
-3.49417 2.065 2 0.80491
-3.49417 2.07083 1 0.032595
-3.49417 2.07667 1 0.0201167
-3.49417 2.0825 1 0.0187386
-3.49417 2.08833 1 0.0332794
-3.49417 2.09417 1 0.0272446
-3.49417 2.1 1 0.0178783
-3.49417 2.10583 1 0.0330174
-3.49417 2.11167 1 0.0195403
-3.49417 2.1175 1 0.0198148
-3.49417 2.12333 3 0.0229682
-3.49417 2.12917 3 0.0241044
-3.49417 2.135 2 0.0153527
-3.49417 2.14083 1 0.0332875
-3.49417 2.14667 1 0.0187089
-3.49417 2.1525 1 0.825723
-3.49417 2.15833 2 0.0152959
-3.49417 2.16417 2 0.032361
-3.49417 2.17 2 0.015426
-3.49417 2.17583 2 0.0173844
-3.49417 2.18167 3 0.0342656
-3.49417 2.1875 3 0.0222818
-3.49417 2.19333 1 0.0176821
-3.49417 2.19917 3 0.0166245
-3.49417 2.205 3 0.0226368
-3.49417 2.21083 3 0.754035
-3.49417 2.21667 3 0.677192
-3.49417 2.2225 3 0.0259691
-3.49417 2.22833 3 0.702282
-3.49417 2.23417 3 0.737053
-3.49417 2.24 3 0.0237907
-3.49417 2.24583 1 0.0236887
-3.49417 2.25167 1 0.711983
-3.49417 2.2575 1 0.0201364
-3.49417 2.26333 1 0.0328005
-3.49417 2.26917 1 0.0188794
-3.49417 2.275 1 0.0338468
-3.49417 2.28083 1 0.722435
-3.49417 2.28667 1 0.71887
-3.49417 2.2925 1 0.72657
-3.49417 2.29833 1 0.717746
-3.49417 2.30417 1 0.019058
-3.49417 2.31 1 0.0331645
-3.49417 2.31583 1 0.708116
-3.49417 2.32167 3 0.0233034
-3.49417 2.3275 3 0.0253664
-3.49417 2.33333 1 0.0189968
-3.49417 2.33917 1 0.787099
-3.49417 2.345 1 0.0197524
-3.49417 2.35083 1 0.0335832
-3.49417 2.35667 3 0.0235511
-3.49417 2.3625 3 0.0304215
-3.49417 2.36833 3 0.0287742
-3.49417 2.37417 3 0.0258447
-3.49417 2.38 3 0.0267514
-3.49417 2.38583 3 0.014113
-3.49417 2.39167 1 0.0194594
-3.49417 2.3975 1 0.0174449
-3.49417 2.40333 1 0.0176712
-3.49417 2.40917 3 0.0242988
-3.49417 2.415 3 0.0333726
-3.49417 2.42083 2 0.0168453
-3.49417 2.42667 2 0.0228861
-3.49417 2.4325 2 0.0144819
-3.49417 2.43833 2 0.0230843
-3.49417 2.44417 2 0.0156501
-3.49417 2.45 1 0.791251
-3.49417 2.45583 1 0.0175433
-3.49417 2.46167 1 0.0189593
-3.49417 2.4675 1 0.0207055
-3.49417 2.47333 2 0.0353518
-3.49417 2.47917 3 0.0244226
-3.49417 2.485 3 0.0180303
-3.49417 2.49083 1 0.801925
-3.49417 2.49667 1 0.0330864
-3.49417 2.5025 1 0.0209606
-3.49417 2.50833 1 0.0329064
-3.49417 2.51417 1 0.0208464
-3.49417 2.52 1 0.0186388
-3.49417 2.52583 1 0.0335541
-3.49417 2.53167 1 0.0334646
-3.49417 2.5375 1 0.0168104
-3.49417 2.54333 1 0.0186341
-3.49417 2.54917 1 0.0208485
-3.49417 2.555 1 0.0195394
-3.49417 2.56083 2 0.0257061
-3.49417 2.56667 3 0.0194452
-3.49417 2.5725 3 0.0238001
-3.49417 2.57833 2 0.0233777
-3.49417 2.58417 2 0.0207191
-3.49417 2.59 3 0.854353
-3.49417 2.59583 1 0.0189778
-3.49417 2.60167 1 0.032825
-3.49417 2.6075 1 0.0237178
-3.49417 2.61333 1 0.0179675
-3.49417 2.61917 1 0.713653
-3.49417 2.625 3 0.708424
-3.49417 2.63083 2 0.0160938
-3.49417 2.63667 2 0.0162575
-3.49417 2.6425 2 0.0239441
-3.49417 2.64833 2 0.0155509
-3.49417 2.65417 2 0.0235058
-3.49417 2.66 2 0.0252612
-3.49417 2.66583 2 0.0185585
-3.49417 2.67167 2 0.0244596
-3.49417 2.6775 1 0.0317877
-3.49417 2.68333 3 0.014326
-3.49417 2.68917 3 0.018153
-3.49417 2.695 3 0.0169835
-3.49417 2.70083 1 0.017566
-3.49417 2.70667 1 0.0181308
-3.49417 2.7125 1 0.851029
-3.49417 2.71833 3 0.815346
-3.49417 2.72417 3 0.819356
-3.49417 2.73 3 0.836912
-3.49417 2.73583 1 0.824862
-3.49417 2.74167 1 0.0181924
-3.49417 2.7475 1 0.020522
-3.49417 2.75333 1 0.0278198
-3.49417 2.75917 1 0.0176641
-3.49417 2.765 1 0.0201549
-3.49417 2.77083 1 0.0270475
-3.49417 2.77667 1 0.0219091
-3.49417 2.7825 1 0.0181157
-3.49417 2.78833 1 0.0183503
-3.49417 2.79417 2 0.0283605
-3.49417 2.8 2 0.0190628
-3.49417 2.80583 2 0.0155925
-3.49417 2.81167 3 0.0351978
-3.49417 2.8175 3 0.0147242
-3.49417 2.82333 3 0.0348182
-3.49417 2.82917 3 0.0280736
-3.49417 2.835 3 0